# BRON: KONINKLIJK NEDERLANDS METEOROLOGISCH INSTITUUT (KNMI)
# Opmerking: door stationsverplaatsingen en veranderingen in waarneemmethodieken zijn deze tijdreeksen van dagwaarden mogelijk inhomogeen! Dat betekent dat deze reeks van gemeten waarden niet geschikt is voor trendanalyse. Voor studies naar klimaatverandering verwijzen we naar de gehomogeniseerde reeks maandtemperaturen van De Bilt <http://www.knmi.nl/kennis-en-datacentrum/achtergrond/gehomogeniseerde-reeks-maandtemperaturen-de-bilt> of de Centraal Nederland Temperatuur <http://www.knmi.nl/kennis-en-datacentrum/achtergrond/centraal-nederland-temperatuur-cnt>.
# 
# 
# STN      LON(east)   LAT(north)     ALT(m)  NAME
# 344:         4.447       51.962      -4.30  ROTTERDAM
# 
# YYYYMMDD = Datum (YYYY=jaar MM=maand DD=dag); 
# FG       = Etmaalgemiddelde windsnelheid (in 0.1 m/s); 
# FHN      = Laagste uurgemiddelde windsnelheid (in 0.1 m/s); 
# FHNH     = Uurvak waarin FHN is gemeten; 
# TG       = Etmaalgemiddelde temperatuur (in 0.1 graden Celsius); 
# TN       = Minimum temperatuur (in 0.1 graden Celsius); 
# TNH      = Uurvak waarin TN is gemeten; 
# TX       = Maximum temperatuur (in 0.1 graden Celsius); 
# TXH      = Uurvak waarin TX is gemeten; 
# DR       = Duur van de neerslag (in 0.1 uur); 
# RH       = Etmaalsom van de neerslag (in 0.1 mm) (-1 voor <0.05 mm); 
# RHX      = Hoogste uursom van de neerslag (in 0.1 mm) (-1 voor <0.05 mm); 
# RHXH     = Uurvak waarin RHX is gemeten; 
# NG       = Etmaalgemiddelde bewolking (bedekkingsgraad van de bovenlucht in achtsten, 9=bovenlucht onzichtbaar); 
# 
# STN,YYYYMMDD,   FG,  FHN, FHNH,   TG,   TN,  TNH,   TX,  TXH,   DR,   RH,  RHX, RHXH,   NG
# 
  344,20110101,   35,   10,   22,   39,  -14,   21,   68,   12,   19,    7,    3,   11,    6
  344,20110102,   28,   10,    3,   17,  -13,   22,   51,   12,    0,   -1,   -1,    2,    4
  344,20110103,   24,   10,    4,   12,  -23,    6,   39,   12,   16,   24,   15,    8,    7
  344,20110104,   55,   30,    1,   13,    2,   24,   28,   13,    0,    0,    0,    1,    7
  344,20110105,   69,   60,    2,   12,   -2,    2,   39,   24,   26,   17,    8,   24,    6
  344,20110106,   36,   20,   10,   48,   21,   24,   61,   13,  162,  203,   31,   18,    8
  344,20110107,   43,   10,    1,   55,    4,    5,   98,   22,   17,   13,    6,    8,    7
  344,20110108,   74,   20,   22,   85,   37,   24,  112,   10,   48,   85,   31,    2,    7
  344,20110109,   50,   30,    1,   37,    7,   24,   62,   12,    0,    0,    0,    1,    2
  344,20110110,   46,   20,    3,   19,  -20,    4,   46,   14,    0,    0,    0,    1,    2
  344,20110111,   66,   40,   14,   40,    6,    4,   64,   14,   67,   42,   12,    8,    7
  344,20110112,   53,   20,    2,   59,   17,    2,   89,   20,  155,  215,   30,   19,    8
  344,20110113,   71,   50,    1,   97,   85,    1,  110,   14,  112,  140,   25,    7,    8
  344,20110114,   97,   80,   18,  100,   78,   22,  116,    5,  118,  137,   27,   15,    7
  344,20110115,   78,   70,    3,   89,   74,    3,   98,   16,    4,    1,    1,   11,    7
  344,20110116,   72,   60,   24,   97,   81,   24,  125,   14,    0,    0,    0,    1,    5
  344,20110117,   50,   20,   22,   78,   22,   24,   94,   18,   10,    6,    4,   15,    8
  344,20110118,   27,   10,    1,   47,   26,    1,   66,   13,   40,   53,   26,    6,    8
  344,20110119,   31,   20,    1,   42,    8,   24,   65,   12,   17,   32,   21,   14,    6
  344,20110120,   29,    0,   24,   25,  -27,   23,   56,   14,    0,   -1,   -1,    4,    1
  344,20110121,   16,    0,    5,   11,  -38,    8,   42,   19,    0,    0,    0,    1,    7
  344,20110122,   38,   30,    1,   49,   23,   23,   64,   13,    4,    1,    1,    6,    8
  344,20110123,   43,   10,    3,   56,   31,    1,   69,   13,    3,    2,    1,   13,    8
  344,20110124,   44,   30,    1,   57,   47,   18,   69,   12,    8,    3,    2,    3,    8
  344,20110125,   47,   10,   20,   38,  -13,   23,   71,   11,   44,   22,   10,    5,    6
  344,20110126,   30,    0,    3,   20,  -11,    1,   51,   12,    0,    0,    0,    1,    7
  344,20110127,   56,   40,    1,    3,  -24,   24,   22,   13,    0,    0,    0,    1,    5
  344,20110128,   49,   30,   22,  -21,  -43,   24,   12,   14,    0,    0,    0,    1,    0
  344,20110129,   34,   20,    3,  -26,  -58,    6,   12,   14,    0,    0,    0,    1,    1
  344,20110130,   36,   30,    4,  -13,  -50,    7,   13,   14,    0,    0,    0,    1,    6
  344,20110131,   22,   10,   13,  -10,  -21,   24,    1,   13,    0,    0,    0,    1,    8
  344,20110201,   43,   20,    1,    4,  -28,    7,   40,   24,    9,    2,    1,   17,    8
  344,20110202,   66,   40,    1,   42,   28,    9,   52,   14,    9,    9,    9,   24,    8
  344,20110203,   64,   40,    8,   59,   37,    8,   78,   12,   17,   10,    8,    1,    4
  344,20110204,  134,   90,    2,   91,   66,    1,   99,   14,    0,   -1,   -1,    4,    8
  344,20110205,  143,  130,    8,  102,   96,    1,  110,   13,    0,    0,    0,    1,    8
  344,20110206,  119,   90,   22,   98,   84,   24,  117,   12,    0,    0,    0,    1,    7
  344,20110207,   87,   50,   22,   81,   68,    9,  103,   18,    0,    0,    0,    1,    8
  344,20110208,   27,    0,   18,   44,  -16,   23,   86,   13,    0,    0,    0,    1,    1
  344,20110209,   30,   10,    1,   34,  -28,    6,   76,   15,    0,    0,    0,    1,    3
  344,20110210,   50,   20,   22,   75,   40,    1,   99,   13,   77,   86,   21,   17,    8
  344,20110211,   40,   10,   17,   82,   55,   24,   99,   13,   73,   75,   16,   24,    8
  344,20110212,   49,   30,   13,   66,   36,   24,   93,   14,   67,   81,   20,    5,    7
  344,20110213,   50,   30,    6,   64,   36,    6,   82,   15,    0,    0,    0,    1,    7
  344,20110214,   35,   10,   17,   67,   39,   24,   84,   13,   30,   24,   12,   10,    8
  344,20110215,   45,   20,    1,   63,   21,    1,   94,   13,   13,    6,    2,   19,    6
  344,20110216,   38,   20,   17,   64,   15,   24,  107,   14,   19,   10,    6,    2,    2
  344,20110217,   38,   20,    1,   41,    0,    4,  108,   15,    0,    0,    0,    1,    3
  344,20110218,   39,   30,    7,   11,    3,    5,   20,   22,    0,    0,    0,    1,    8
  344,20110219,   56,   40,    1,   27,    8,   24,   52,   14,   11,    7,    6,   24,    8
  344,20110220,   60,   50,    1,    9,  -13,   24,   27,   14,    8,    1,    1,    1,    7
  344,20110221,   53,   40,    4,  -12,  -31,   24,   21,   14,    0,    0,    0,    1,    2
  344,20110222,   37,   30,    4,  -12,  -59,    6,   26,   14,    0,    0,    0,    1,    4
  344,20110223,   53,   20,    1,   10,  -24,    2,   32,   14,   89,   45,   10,   19,    8
  344,20110224,   26,   10,   17,   66,   21,    1,  103,   14,   26,    9,    4,    2,    8
  344,20110225,   39,   10,    1,   82,   62,    4,   98,   23,    0,    0,    0,    1,    8
  344,20110226,   56,   40,   15,   76,   60,   21,   95,    1,  125,  115,   21,   14,    8
  344,20110227,   74,   40,   23,   54,   35,   24,   64,    2,  223,  218,   21,   21,    8
  344,20110228,   36,   10,   22,   26,   13,   23,   37,   19,   48,   14,    6,    4,    8
  344,20110301,   54,   30,    1,   28,   13,   24,   41,   15,    0,    0,    0,    1,    8
  344,20110302,   58,   40,   22,   21,   -8,    7,   62,   14,    0,    0,    0,    1,    3
  344,20110303,   45,   30,    1,   11,  -16,    6,   53,   15,    0,    0,    0,    1,    1
  344,20110304,   31,   20,    6,    5,  -37,    6,   62,   15,    0,    0,    0,    1,    1
  344,20110305,   23,   10,    4,   26,   -6,    1,   63,   12,    0,   -1,   -1,   14,    6
  344,20110306,   43,   20,    3,   31,  -20,   24,   66,   12,    0,    0,    0,    1,    3
  344,20110307,   40,   20,    2,   25,  -31,    2,   78,   15,    0,    0,    0,    1,    0
  344,20110308,   45,   20,    3,   46,  -22,    3,  103,   14,    0,    0,    0,    1,    0
  344,20110309,   72,   40,   18,   68,   45,   24,   97,   15,   14,    5,    3,    9,    6
  344,20110310,   98,   60,    1,   79,   52,    3,  108,   13,    4,    1,    1,   24,    7
  344,20110311,   48,   20,   22,   71,   40,   22,   96,   12,    0,    0,    0,    1,    3
  344,20110312,   40,   30,    2,   96,   47,    2,  136,   15,    0,   -1,   -1,   22,    6
  344,20110313,   41,   20,   18,  111,   96,    6,  133,   16,    0,   -1,   -1,   23,    8
  344,20110314,   23,    0,    6,  106,   63,    5,  146,   13,    0,    0,    0,    1,    7
  344,20110315,   57,   40,    1,  113,   68,    2,  161,   15,    0,    0,    0,    1,    3
  344,20110316,   63,   40,    5,   76,   52,   24,  120,   15,    0,    0,    0,    1,    4
  344,20110317,   37,   30,    5,   52,   46,    3,   63,   14,    0,   -1,   -1,   20,    8
  344,20110318,   28,   20,    3,   63,   50,    1,   79,   12,   87,   95,   16,   14,    8
  344,20110319,   18,    0,   22,   44,    0,   24,  102,   16,    0,    0,    0,    1,    1
  344,20110320,   16,    0,    1,   48,  -19,    4,  113,   15,    0,    0,    0,    1,    2
  344,20110321,   18,    0,   22,   65,   -4,    4,  138,   15,    0,    0,    0,    1,    0
  344,20110322,   18,    0,    5,   76,    2,    5,  149,   13,    0,    0,    0,    1,    0
  344,20110323,   20,   10,    1,   75,    7,    5,  144,   15,    0,    0,    0,    1,    4
  344,20110324,   20,    0,    8,   92,   19,    5,  159,   15,    0,    0,    0,    1,    2
  344,20110325,   23,   10,    1,   94,   48,    5,  155,   13,    0,    0,    0,    1,    4
  344,20110326,   26,   10,    1,   52,   13,    5,   75,   14,   45,   21,    8,   12,    7
  344,20110327,   28,   10,   24,   65,    9,   24,  123,   15,    0,    0,    0,    1,    3
  344,20110328,   18,    0,    6,   53,   -3,    4,  113,   16,    0,    0,    0,    1,    2
  344,20110329,   15,    0,    1,   70,  -12,    2,  147,   15,    0,    0,    0,    1,    1
  344,20110330,   41,    0,    2,   97,   28,    2,  146,   11,   13,    3,    2,   24,    7
  344,20110331,   85,   50,    3,  109,   88,    3,  136,   15,   35,   39,   16,    9,    8
  344,20110401,   62,   20,   19,  124,   96,    1,  161,   16,    0,   -1,   -1,    5,    6
  344,20110402,   55,   30,   24,  151,  103,   24,  234,   15,   15,   10,    4,   23,    3
  344,20110403,   33,   20,   18,  107,   85,   24,  147,   14,    7,   12,   12,    1,    7
  344,20110404,   55,   30,    5,   95,   55,    6,  127,   13,    0,    0,    0,    1,    6
  344,20110405,   78,   60,    1,  100,   76,    2,  113,   13,    5,    2,    2,    8,    8
  344,20110406,   48,   10,   23,  139,   96,   24,  195,   16,    0,    0,    0,    1,    4
  344,20110407,   37,   10,   21,  113,   60,   24,  155,   11,    0,    0,    0,    1,    4
  344,20110408,   24,    0,    4,   96,   47,    6,  150,   13,    0,    0,    0,    1,    0
  344,20110409,   30,   10,    2,   96,   34,    4,  154,   13,    0,    0,    0,    1,    1
  344,20110410,   30,   10,   21,  110,   29,    6,  183,   14,    0,    0,    0,    1,    1
  344,20110411,   34,    0,    5,  122,   51,    5,  200,   12,   21,   33,   21,   22,    3
  344,20110412,   56,   20,   24,   78,   26,   23,  110,   15,    0,   -1,   -1,   10,    4
  344,20110413,   30,   10,   21,   85,   35,    5,  127,   14,    0,    0,    0,    1,    4
  344,20110414,   19,   10,    1,   93,   73,    4,  124,   15,    0,    0,    0,    1,    8
  344,20110415,   16,    0,   22,   98,   45,    4,  150,   13,    0,    0,    0,    1,    4
  344,20110416,   17,    0,    5,  106,   29,    3,  166,   13,    0,   -1,   -1,   17,    6
  344,20110417,   19,    0,    4,  113,   31,    5,  179,   14,    0,    0,    0,    1,    4
  344,20110418,   33,   10,    1,  128,   53,    5,  186,   14,    0,    0,    0,    1,    0
  344,20110419,   18,   10,    4,  154,   69,    5,  238,   15,    0,    0,    0,    1,    0
  344,20110420,   24,    0,    1,  160,   71,    4,  232,   14,    0,    0,    0,    1,    0
  344,20110421,   18,   10,    1,  162,   71,    5,  247,   14,    0,    0,    0,    1,    2
  344,20110422,   28,   10,    1,  180,  111,    3,  253,   14,    0,   -1,   -1,   17,    4
  344,20110423,   30,   10,    3,  189,  122,   24,  259,   14,    0,   -1,   -1,    3,    1
  344,20110424,   19,   10,    1,  164,   90,    5,  255,   15,    0,    0,    0,    1,    0
  344,20110425,   26,   10,    1,  159,   61,    3,  235,   15,    0,    0,    0,    1,    0
  344,20110426,   39,   10,    1,  142,   66,    4,  209,   14,    0,    0,    0,    1,    1
  344,20110427,   43,   30,    3,  110,   82,    3,  142,   11,    6,    9,    6,   24,    6
  344,20110428,   33,   10,    5,  135,   95,   24,  182,   16,    8,   10,    9,   12,    6
  344,20110429,   47,   10,    1,  162,   86,    1,  226,   16,    6,    6,    6,   22,    4
  344,20110430,   65,   40,    2,  152,   96,    5,  217,   15,    0,    0,    0,    1,    0
  344,20110501,   67,   40,    4,  131,   67,    5,  195,   14,    0,    0,    0,    1,    0
  344,20110502,   69,   30,    5,  104,   57,    5,  153,   14,    0,    0,    0,    1,    1
  344,20110503,   47,   20,   23,   86,   32,    5,  138,   14,    0,    0,    0,    1,    0
  344,20110504,   23,    0,    5,   84,   12,    4,  138,   15,    0,    0,    0,    1,    2
  344,20110505,   23,   10,    4,  119,   29,    5,  186,   15,    0,    0,    0,    1,    1
  344,20110506,   28,   10,    3,  166,   60,    5,  236,   16,    0,    0,    0,    1,    2
  344,20110507,   46,   20,    3,  211,  102,    5,  283,   16,    0,    0,    0,    1,    1
  344,20110508,   41,   10,   24,  201,  139,   24,  268,   13,   10,    7,    4,   24,    5
  344,20110509,   18,   10,    1,  158,  101,   24,  211,   16,    6,    2,    2,    1,    5
  344,20110510,   19,   10,    1,  154,   92,    1,  219,   13,   23,   28,   15,    6,    6
  344,20110511,   27,   10,    2,  139,   89,    4,  190,   10,    0,    0,    0,    1,    3
  344,20110512,   40,   20,    1,  129,   82,   24,  169,   10,    0,    0,    0,    1,    5
  344,20110513,   26,   10,    6,  135,   76,    1,  196,   13,    0,    0,    0,    1,    4
  344,20110514,   44,   30,    1,  118,   96,    2,  152,   15,    0,   -1,   -1,   18,    5
  344,20110515,   40,   10,   21,  118,   93,    1,  147,   14,    5,   17,   17,    6,    6
  344,20110516,   64,   50,    1,  135,  119,    7,  152,   16,   52,   33,   12,    7,    8
  344,20110517,   45,   30,    3,  142,  120,    5,  169,   17,   12,   11,   10,    5,    7
  344,20110518,   47,   30,    5,  143,  127,   22,  163,   13,    0,   -1,   -1,   15,    7
  344,20110519,   20,    0,   24,  127,   76,   24,  174,   14,   22,    7,    3,    4,    6
  344,20110520,   25,    0,    3,  132,   57,    4,  195,   12,    0,    0,    0,    1,    3
  344,20110521,   19,   10,    1,  160,   68,    2,  227,   16,    0,    0,    0,    1,    1
  344,20110522,   62,   10,    1,  150,  124,   24,  179,   11,   27,   33,   11,    5,    5
  344,20110523,   62,   30,    3,  158,   98,    4,  220,   15,    0,    0,    0,    1,    2
  344,20110524,   59,   40,    4,  134,  104,    4,  162,   14,    0,    0,    0,    1,    3
  344,20110525,   33,   20,    1,  167,   84,    5,  223,   16,    0,    0,    0,    1,    2
  344,20110526,   84,   40,    1,  146,  118,   24,  178,    7,   14,   16,    8,   24,    8
  344,20110527,   49,   20,   20,  127,   95,   22,  156,   14,    9,   18,    9,    2,    6
  344,20110528,   71,   40,    1,  132,  107,    3,  164,   11,   12,    4,    3,   16,    7
  344,20110529,   73,   40,   22,  158,  130,   22,  208,   13,    0,    0,    0,    1,    6
  344,20110530,   39,   20,    2,  189,  130,    1,  287,   15,    5,    3,    3,   21,    6
  344,20110531,   41,   10,   23,  125,   67,   24,  161,   14,   26,   16,   11,    7,    6
  344,20110601,   21,    0,    5,  132,   44,    3,  194,   14,    0,    0,    0,    1,    0
  344,20110602,   39,    0,    4,  163,   54,    4,  227,   15,    0,    0,    0,    1,    0
  344,20110603,   63,   40,    1,  191,  130,    4,  252,   15,    0,    0,    0,    1,    0
  344,20110604,   66,   40,    1,  210,  145,   24,  280,   13,    0,    0,    0,    1,    2
  344,20110605,   35,   10,   22,  160,  133,   22,  205,   17,   23,    9,    5,    9,    6
  344,20110606,   24,   10,    1,  145,  114,   22,  199,   13,   21,   42,   28,    9,    8
  344,20110607,   25,   10,    4,  150,  106,   24,  206,   16,   40,   45,   13,   22,    8
  344,20110608,   57,   10,    1,  144,  106,    1,  190,   14,   19,   11,    9,    1,    3
  344,20110609,   43,   20,   21,  140,   90,   24,  182,   14,    6,    5,    5,   10,    3
  344,20110610,   25,   10,    1,  135,   77,   24,  195,   12,   39,   66,   26,   20,    7
  344,20110611,   44,   20,   20,  125,   81,   22,  167,   13,    2,    1,    1,   12,    4
  344,20110612,   44,   20,    1,  152,   84,    2,  188,   12,    0,   -1,   -1,   19,    4
  344,20110613,   59,   30,   24,  158,  129,    3,  199,   15,   30,   18,    9,   16,    7
  344,20110614,   22,   10,    3,  165,  112,   24,  207,   12,    0,    0,    0,    1,    2
  344,20110615,   30,    0,    4,  174,  109,    1,  233,   13,    4,    1,    1,    8,    6
  344,20110616,   43,   10,    3,  154,  130,   24,  173,   13,   77,  225,   82,    7,    7
  344,20110617,   49,   30,   19,  149,  124,    5,  177,   13,   26,   46,   38,   16,    7
  344,20110618,   90,   60,    1,  148,  109,   21,  178,   13,   42,   57,   11,    5,    7
  344,20110619,   60,   30,   17,  137,  122,   21,  155,   16,   58,  153,   55,   19,    8
  344,20110620,   29,    0,   19,  152,  112,    5,  191,   13,   20,   11,    7,   21,    7
  344,20110621,   68,   30,    2,  174,  146,    1,  217,   13,    0,   -1,   -1,    1,    7
  344,20110622,   65,   30,    3,  157,  128,   15,  174,   12,   11,   49,   30,   14,    7
  344,20110623,   65,   40,   20,  154,  120,   23,  189,   12,    4,   10,    7,   10,    5
  344,20110624,   41,   20,    5,  150,  112,    4,  182,   12,    0,   -1,   -1,    3,    4
  344,20110625,   53,   30,    2,  147,  116,    8,  172,   15,   88,   58,   12,   10,    8
  344,20110626,   33,   10,   13,  194,  161,    4,  231,   15,    0,    0,    0,    1,    5
  344,20110627,   34,   10,   24,  252,  154,    2,  315,   16,    0,    0,    0,    1,    1
  344,20110628,   31,   10,    1,  241,  187,   24,  322,   15,   46,  119,   68,   23,    6
  344,20110629,   37,   20,    2,  159,  114,   22,  190,   13,    8,    3,    3,    6,    6
  344,20110630,   31,   10,    5,  155,  102,    3,  200,   11,    0,   -1,   -1,   22,    5
  344,20110701,   36,    0,    5,  142,   89,    4,  181,   13,   27,  124,  110,    3,    3
  344,20110702,   34,   10,    1,  141,   90,   24,  182,   13,    3,    3,    3,    4,    5
  344,20110703,   35,   10,    2,  147,   87,    1,  189,   15,    0,    0,    0,    1,    2
  344,20110704,   23,    0,    1,  156,   77,    3,  212,   17,    0,    0,    0,    1,    4
  344,20110705,   23,   10,    2,  191,   97,    4,  247,   15,    0,    0,    0,    1,    4
  344,20110706,   50,   10,   23,  175,  130,   23,  207,   10,   21,   25,   14,   14,    5
  344,20110707,   47,   10,   20,  182,  149,   24,  232,   13,    5,   10,   10,   24,    6
  344,20110708,   58,   30,    1,  177,  147,    4,  219,   16,    9,   16,   14,   21,    6
  344,20110709,   57,   30,    2,  170,  130,   23,  208,   15,   16,    5,    2,    7,    4
  344,20110710,   32,   10,   21,  170,  117,   24,  220,   13,    0,    0,    0,    1,    1
  344,20110711,   17,    0,    2,  178,  107,    4,  225,   11,    0,    0,    0,    1,    4
  344,20110712,   52,   10,    1,  179,  140,    1,  234,   11,   59,  120,   42,   20,    6
  344,20110713,   54,   30,   20,  143,  135,   20,  154,   10,   89,   65,   20,    5,    8
  344,20110714,   89,   30,    1,  136,  124,   19,  144,   24,  220,  753,   95,   11,    8
  344,20110715,   39,   10,   19,  175,  137,    6,  218,   16,    0,    0,    0,    1,    3
  344,20110716,   54,   20,    2,  165,  139,    2,  204,   10,   96,  168,   31,   16,    8
  344,20110717,   75,   50,    5,  158,  138,    2,  188,   16,   16,   24,    9,   21,    7
  344,20110718,   79,   60,   18,  151,  139,    6,  179,   18,   73,   88,   14,   11,    8
  344,20110719,   28,   10,   18,  161,  124,    5,  205,   13,    0,    0,    0,    1,    7
  344,20110720,   15,    0,    4,  165,  119,    4,  207,   11,    8,    9,    9,   14,    7
  344,20110721,   21,   10,    1,  164,  123,   24,  191,   14,   11,   12,    6,   17,    8
  344,20110722,   37,    0,    1,  148,  115,   24,  182,   14,   20,   16,    9,    2,    7
  344,20110723,   50,   30,    1,  135,  110,    4,  171,   11,   66,   88,   31,   23,    6
  344,20110724,   54,   20,   22,  123,   91,   23,  141,   19,  163,  299,   37,    3,    6
  344,20110725,   26,    0,    4,  148,   80,    5,  198,   12,    3,    1,    1,   19,    6
  344,20110726,   23,   10,    1,  154,  136,    1,  184,   15,   31,    7,    2,    6,    8
  344,20110727,   20,   10,    1,  172,  136,   24,  211,   17,    0,   -1,   -1,    6,    6
  344,20110728,   24,   10,    1,  181,  129,    1,  232,   17,   10,   12,    9,   15,    6
  344,20110729,   27,   10,    2,  151,  119,    4,  182,   11,   12,    4,    2,   23,    7
  344,20110730,   28,   10,    5,  144,  132,    4,  165,   13,    0,   -1,   -1,    1,    8
  344,20110731,   19,   10,    1,  152,  104,   24,  194,   16,    0,    0,    0,    1,    5
  344,20110801,   23,    0,    3,  163,   76,    5,  215,   16,    0,    0,    0,    1,    0
  344,20110802,   18,   10,    1,  204,  115,    3,  263,   15,    4,    2,    2,   20,    4
  344,20110803,   18,    0,   22,  187,  139,   24,  210,   13,   31,   12,    5,    6,    6
  344,20110804,   45,   10,    1,  192,  136,    1,  249,   13,   53,   38,   13,   19,    5
  344,20110805,   36,   10,   19,  185,  151,   22,  221,   14,    0,   -1,   -1,    3,    6
  344,20110806,   31,   20,    1,  181,  141,   20,  242,   13,   26,   43,   23,   19,    7
  344,20110807,   62,   30,   22,  167,  141,    2,  205,   13,    7,    2,    1,    7,    6
  344,20110808,   55,   20,    4,  157,  128,    2,  190,   13,   90,  177,   66,    2,    7
  344,20110809,   50,   20,   22,  141,   85,   24,  178,   14,    9,    6,    5,   18,    6
  344,20110810,   60,   20,    3,  158,   80,    2,  204,   13,    2,    1,    1,   21,    6
  344,20110811,   76,   60,   15,  175,  159,    5,  211,   13,   12,   32,   12,   14,    8
  344,20110812,   33,    0,   21,  180,  151,   23,  212,   13,   28,   44,   34,    4,    8
  344,20110813,   39,   10,    1,  180,  156,    1,  200,   10,   45,   48,   23,   15,    8
  344,20110814,   36,   20,    4,  175,  144,   23,  208,   11,   44,   82,   39,    3,    5
  344,20110815,   24,   10,    4,  167,  126,   23,  207,   14,    0,    0,    0,    1,    3
  344,20110816,   38,   20,    1,  181,  150,    4,  218,   14,    0,   -1,   -1,    3,    7
  344,20110817,   31,   20,    5,  174,  147,   23,  216,   12,    0,   -1,   -1,   22,    6
  344,20110818,   35,   10,   22,  165,  140,    3,  194,   15,    8,   14,   13,   16,    8
  344,20110819,   33,    0,   21,  157,  117,   23,  188,   15,   12,    6,    3,    2,    4
  344,20110820,   28,   10,   17,  174,  118,    2,  229,   13,    0,   -1,   -1,   16,    4
  344,20110821,   41,   20,   24,  199,  156,    2,  265,   11,    1,   11,   11,    8,    4
  344,20110822,   22,   10,    1,  177,  138,    4,  221,   12,   28,   15,    8,   16,    5
  344,20110823,   40,   10,    3,  190,  160,    4,  247,   15,   48,  100,   37,   10,    7
  344,20110824,   29,   20,    8,  176,  129,   24,  191,    1,   35,   62,   31,   10,    7
  344,20110825,   29,   10,    5,  174,  109,    2,  236,   12,    0,    0,    0,    1,    5
  344,20110826,   53,   20,    7,  177,  150,   23,  211,   11,   20,  110,   87,    7,    7
  344,20110827,   42,   10,   19,  143,  117,   22,  180,   10,   86,  296,   69,   22,    7
  344,20110828,   57,   30,   24,  149,  120,    1,  180,   15,   46,  127,   38,    3,    6
  344,20110829,   46,   10,   21,  142,  105,   24,  167,   14,    0,   -1,   -1,    7,    7
  344,20110830,   23,   10,    1,  139,  100,    1,  183,   15,    2,    1,    1,   24,    6
  344,20110831,   18,    0,   23,  144,   94,   24,  187,   14,   12,    6,    4,    4,    6
  344,20110901,   17,    0,    4,  132,   74,    3,  189,   14,    0,    0,    0,    1,    3
  344,20110902,   26,   10,    3,  172,   91,    2,  248,   14,    0,    0,    0,    1,    0
  344,20110903,   26,   10,    2,  218,  139,    3,  278,   15,    9,   59,   59,   24,    3
  344,20110904,   33,   20,    1,  184,  135,   24,  211,   14,   16,   52,   28,    1,    7
  344,20110905,   78,   50,    1,  153,  128,   12,  184,   14,   28,   68,   36,   12,    6
  344,20110906,   95,   70,    4,  155,  140,   22,  165,   19,  102,  254,  115,   22,    8
  344,20110907,   78,   50,   19,  153,  128,   22,  175,   11,   35,   44,   11,   20,    7
  344,20110908,   62,   40,   19,  153,  124,    2,  168,   16,   50,   60,   21,    1,    8
  344,20110909,   38,   20,   22,  177,  158,   23,  203,   13,    0,   -1,   -1,   10,    8
  344,20110910,   40,   20,    1,  210,  165,    1,  255,   17,   18,   13,    8,   19,    7
  344,20110911,   58,   20,   17,  170,  149,   16,  192,   14,   11,  119,  118,   16,    5
  344,20110912,   98,   70,    2,  170,  149,    6,  209,   15,    8,    7,    3,    6,    6
  344,20110913,   80,   50,   22,  157,  139,   18,  181,   15,   12,   70,   36,   19,    5
  344,20110914,   60,   20,   24,  145,  113,   24,  170,   12,    0,   -1,   -1,    5,    4
  344,20110915,   20,   10,    6,  139,   92,   24,  182,   15,    0,    0,    0,    1,    3
  344,20110916,   41,   20,    5,  146,   79,    5,  189,   14,    2,    2,    2,   16,    4
  344,20110917,   59,   40,   24,  149,  116,   24,  167,   10,   44,   62,   18,   15,    7
  344,20110918,   39,   20,   17,  122,   93,   24,  157,   14,   15,   12,    6,   12,    4
  344,20110919,   39,   10,    4,  134,   89,    6,  174,   14,    0,   -1,   -1,    2,    2
  344,20110920,   60,   40,    1,  161,  127,    1,  182,   13,    0,    0,    0,    1,    8
  344,20110921,   62,   40,    7,  161,  138,   24,  189,   14,    0,   -1,   -1,   15,    7
  344,20110922,   45,   20,   23,  149,  106,   24,  181,   13,    0,   -1,   -1,    4,    7
  344,20110923,   23,    0,   19,  143,   92,   24,  184,   12,    0,    0,    0,    1,    3
  344,20110924,   15,    0,    5,  138,   74,    4,  203,   13,    0,    0,    0,    1,    1
  344,20110925,   23,    0,    1,  158,   85,    5,  219,   15,    0,    0,    0,    1,    2
  344,20110926,   31,   10,    1,  167,  112,    1,  216,   11,   20,   21,   17,   18,    6
  344,20110927,   15,    0,   20,  160,  101,   24,  203,   16,    0,    0,    0,    1,    5
  344,20110928,   25,   10,    1,  172,   92,    3,  235,   14,    0,    0,    0,    1,    0
  344,20110929,   23,    0,    3,  186,  117,    5,  257,   15,    0,    0,    0,    1,    0
  344,20110930,   15,    0,    3,  177,  106,    5,  253,   14,    0,    0,    0,    1,    0
  344,20111001,    8,    0,    2,  169,   98,    5,  260,   15,    0,    0,    0,    1,    0
  344,20111002,   13,    0,    2,  168,   89,    6,  252,   14,    0,    0,    0,    1,    1
  344,20111003,   45,   20,    1,  190,  127,    3,  230,   15,    0,    0,    0,    1,    1
  344,20111004,   58,   40,    8,  171,  159,   21,  196,   14,    0,    0,    0,    1,    6
  344,20111005,   81,   50,    4,  174,  164,    8,  189,   15,    1,    1,    1,    7,    8
  344,20111006,   84,   60,   17,  140,  101,   24,  174,    1,   27,   37,    8,    8,    6
  344,20111007,   62,   40,   23,  113,   82,    4,  149,   14,   82,  141,   33,   15,    6
  344,20111008,   35,   10,   22,  107,   88,   21,  138,   13,   78,  135,   25,   15,    7
  344,20111009,   53,   10,    1,  131,   90,    1,  178,   21,   39,   24,   11,   13,    8
  344,20111010,   95,   80,    1,  168,  162,   24,  174,   10,    0,   -1,   -1,    1,    8
  344,20111011,   78,   10,   22,  161,  138,   21,  177,   12,   49,   28,    7,   22,    8
  344,20111012,   25,   10,    5,  120,  103,   23,  140,    1,  130,   94,   17,   16,    8
  344,20111013,   21,   10,    1,  104,   48,   24,  152,   15,    0,    0,    0,    1,    4
  344,20111014,   29,   10,    1,   88,   25,    4,  147,   14,    0,    0,    0,    1,    0
  344,20111015,   29,   20,    3,   81,   16,    5,  138,   14,    0,    0,    0,    1,    0
  344,20111016,   25,   10,   18,   89,   34,    6,  150,   15,    0,    0,    0,    1,    1
  344,20111017,   52,   20,    1,  128,   67,    1,  168,   13,    0,    0,    0,    1,    6
  344,20111018,   68,   50,    8,  113,   81,    7,  141,    4,   49,   62,   22,    7,    6
  344,20111019,   41,   20,   23,   94,   51,   24,  127,   12,   20,   35,   17,   23,    4
  344,20111020,   27,   10,   18,   66,   30,   23,  119,   13,   44,   59,   11,    5,    5
  344,20111021,   40,   20,    2,   83,   35,    4,  125,   13,    0,    0,    0,    1,    3
  344,20111022,   41,   20,    3,   74,   23,    5,  114,   15,    0,    0,    0,    1,    0
  344,20111023,   47,   40,   14,   95,   52,    6,  161,   14,    0,    0,    0,    1,    0
  344,20111024,   73,   50,    1,   92,   52,    6,  126,   14,    0,    0,    0,    1,    1
  344,20111025,   57,   30,   21,  105,   93,   18,  126,    1,   41,   21,    8,   11,    8
  344,20111026,   59,   40,    1,  112,   91,   24,  139,   15,    3,    1,    1,    8,    4
  344,20111027,   43,   30,   16,  119,   82,    5,  166,   15,    0,    0,    0,    1,    6
  344,20111028,   18,   10,   10,  127,   91,   23,  164,   12,   14,   15,   11,    8,    7
  344,20111029,   28,   10,    2,  132,   79,    5,  168,   14,    0,    0,    0,    1,    6
  344,20111030,   43,   30,   23,  134,  119,    1,  144,   21,    0,   -1,   -1,   12,    8
  344,20111031,   36,   20,   22,  140,  115,   24,  167,   12,    0,    0,    0,    1,    3
  344,20111101,   39,   20,   22,  130,  102,    7,  163,   14,   43,   26,   11,   18,    4
  344,20111102,   38,   20,    1,  118,   86,    2,  148,   14,    0,   -1,   -1,    1,    5
  344,20111103,   50,   30,    3,  151,  117,    1,  173,   24,    0,   -1,   -1,    8,    8
  344,20111104,   54,   20,   18,  150,  112,   19,  179,   14,    0,   -1,   -1,    1,    5
  344,20111105,   19,    0,   18,  127,   82,   22,  176,   14,    5,    1,    1,    6,    5
  344,20111106,   40,   20,    1,  123,  108,    1,  132,   11,    0,    0,    0,    1,    8
  344,20111107,   57,   40,   19,  101,   90,   23,  113,    1,    0,    0,    0,    1,    8
  344,20111108,   42,   30,   21,   91,   73,   24,  112,   14,    0,    0,    0,    1,    7
  344,20111109,   25,   10,    2,  100,   62,   20,  147,   14,    0,   -1,   -1,    8,    4
  344,20111110,   39,   20,    5,   77,   45,    6,  129,   13,    0,    0,    0,    1,    3
  344,20111111,   53,   30,   22,   80,   57,    1,  105,   13,    0,    0,    0,    1,    3
  344,20111112,   26,   20,    3,   73,   45,   23,  120,   14,    0,    0,    0,    1,    0
  344,20111113,   35,   20,    1,   51,   38,    3,   66,   15,    0,    0,    0,    1,    6
  344,20111114,   24,   10,   21,   36,    2,   23,   73,   15,    0,    0,    0,    1,    4
  344,20111115,   35,   20,    1,   14,  -15,    3,   63,   14,    0,    0,    0,    1,    2
  344,20111116,   28,   10,   20,   18,  -31,    7,   67,   14,    0,    0,    0,    1,    0
  344,20111117,   30,   20,   12,   54,   10,    2,   89,   24,    0,    0,    0,    1,    8
  344,20111118,   33,   10,   23,   73,    9,   24,   98,   14,    0,    0,    0,    1,    4
  344,20111119,   10,    0,   19,   39,   -7,   24,  106,   15,    0,    0,    0,    1,    5
  344,20111120,   15,    0,    6,   26,  -15,    2,   59,   12,    0,    0,    0,    1,    8
  344,20111121,   19,   10,   15,   22,   14,    7,   30,   15,    0,    0,    0,    1,    8
  344,20111122,   12,   10,    1,   48,    1,    8,   96,   14,    0,    0,    0,    1,    6
  344,20111123,   22,    0,    3,   92,   57,    1,  127,   11,    4,    8,    8,    7,    7
  344,20111124,   48,   30,    2,   87,   65,    6,  113,   13,    0,    0,    0,    1,    6
  344,20111125,   65,   40,   18,   98,   81,   23,  122,   13,    0,   -1,   -1,   10,    5
  344,20111126,   68,   40,    2,   96,   60,    7,  116,   16,    0,    0,    0,    1,    5
  344,20111127,   79,   20,   23,   98,   52,   24,  144,   13,    2,    2,    2,   13,    5
  344,20111128,   38,   20,    1,   60,   16,    3,   96,   14,    0,    0,    0,    1,    2
  344,20111129,   74,   50,    7,   83,   66,    1,  107,   12,   18,   10,    5,   21,    7
  344,20111130,   54,   40,    3,   79,   57,    4,  107,   13,    0,    0,    0,    1,    2
  344,20111201,   59,   10,   19,   95,   57,    1,  123,   15,  100,  182,   36,   20,    8
  344,20111202,   44,   20,    5,   71,   43,    8,   97,   11,   36,   61,   23,    1,    5
  344,20111203,   78,   50,   17,   87,   58,    1,  110,   13,   68,   87,   18,   11,    7
  344,20111204,   60,   40,   19,   85,   59,   22,   96,    1,    4,   11,    8,   20,    7
  344,20111205,   77,   70,    7,   60,   49,    7,   73,   12,    6,    3,    2,   24,    5
  344,20111206,   64,   40,   19,   59,   44,   24,   76,   10,   16,   10,    5,   11,    5
  344,20111207,  102,   50,    3,   74,   42,    1,   86,   12,   41,   53,   16,    5,    7
  344,20111208,   90,   30,    6,   75,   36,    7,  108,   22,   51,  113,   52,   22,    7
  344,20111209,   78,   50,   17,   64,   40,   21,   87,    1,    7,    8,    6,   20,    5
  344,20111210,   43,   30,    5,   44,   12,   18,   71,   12,    4,    4,    4,    8,    4
  344,20111211,   50,   30,    1,   47,   26,    6,   64,   15,    4,    3,    3,   24,    7
  344,20111212,   66,   40,    1,   71,   54,    1,   84,   14,   33,   20,   14,    1,    6
  344,20111213,  105,   70,   16,   79,   49,   24,  108,   11,   60,  104,   25,    2,    5
  344,20111214,   78,   30,    8,   51,   36,   18,   66,    2,   45,   91,   45,    6,    7
  344,20111215,   80,   50,   21,   53,   37,    3,   72,   14,   77,   71,   19,   15,    8
  344,20111216,   50,   10,   20,   40,   17,   23,   56,    1,  160,  159,   22,    5,    7
  344,20111217,   44,   10,   24,   47,   16,   22,   72,   12,   70,   68,   14,   24,    5
  344,20111218,   35,   10,   21,   29,    0,   23,   57,   14,   55,   68,   25,    2,    5
  344,20111219,   54,   20,    1,   24,    6,    7,   51,   12,  101,   78,   12,   22,    6
  344,20111220,   57,   40,    3,   65,   24,    1,   84,   13,   37,   29,    8,    2,    7
  344,20111221,   28,   10,    5,   60,   41,    3,   70,   24,   43,   35,   24,    5,    8
  344,20111222,   43,   30,    1,   96,   69,    1,  105,    8,   21,    4,    1,    6,    8
  344,20111223,   70,   40,    3,   90,   60,   23,  104,   10,   56,   42,   14,   22,    8
  344,20111224,   70,   50,   14,   67,   53,    6,   79,   12,   35,   38,   12,    1,    6
  344,20111225,   81,   70,    1,   96,   72,    1,  109,   23,    0,   -1,   -1,    5,    8
  344,20111226,   68,   50,   17,  108,   91,   24,  120,   12,    0,   -1,   -1,    3,    8
  344,20111227,   47,   30,   15,   85,   68,   24,   94,    3,    0,    0,    0,    1,    8
  344,20111228,   79,   60,    1,   67,   55,   11,   79,   20,    0,    0,    0,    1,    7
  344,20111229,   85,   70,    9,   70,   39,   20,   84,   17,   44,   91,   25,   20,    7
  344,20111230,   62,   20,   19,   52,   18,   18,   77,   13,   37,   42,   13,    7,    6
  344,20111231,   55,   40,    5,   89,   44,    1,  110,   13,   77,   27,    7,    7,    8
  344,20120101,   79,   60,   14,  116,  100,   24,  129,   21,  120,  207,   59,   21,    8
  344,20120102,   60,   40,    7,   75,   50,   22,  102,    2,    0,   -1,   -1,   13,    5
  344,20120103,  110,   80,   23,   75,   55,    1,  102,   15,   66,  144,   49,   15,    5
  344,20120104,  103,   90,    1,   76,   63,    8,   92,   24,   30,   36,   19,   21,    7
  344,20120105,  119,   80,    7,   77,   41,   21,  101,    5,   42,   84,   25,    6,    7
  344,20120106,   75,   40,   17,   66,   41,    1,   83,   11,    6,    8,    5,    2,    7
  344,20120107,   79,   60,   20,   81,   59,    1,   95,    6,   36,   30,   15,    4,    5
  344,20120108,   53,   20,   20,   70,   33,   21,   90,   13,    0,   -1,   -1,    2,    6
  344,20120109,   43,   20,   24,   87,   70,    1,   98,   17,   20,    8,    5,    3,    8
  344,20120110,   37,   20,    1,   75,   26,    7,   95,   15,    0,    0,    0,    1,    6
  344,20120111,   49,   40,    1,   86,   79,    7,   94,    1,   25,   10,    7,   10,    8
  344,20120112,   75,   40,   20,   78,   44,   24,   99,   12,    8,    9,    7,   14,    6
  344,20120113,   45,   10,   23,   56,   42,    1,   73,   13,    6,    4,    3,    5,    5
  344,20120114,   19,    0,   20,   34,  -14,   23,   71,   11,    0,   -1,   -1,    9,    5
  344,20120115,   15,    0,    1,   16,  -20,   24,   66,   12,    0,    0,    0,    1,    5
  344,20120116,   22,    0,   24,   -1,  -37,   24,   46,   14,    0,    0,    0,    1,    0
  344,20120117,   25,   10,    1,    3,  -51,    6,   56,   13,    0,    0,    0,    1,    0
  344,20120118,   60,   30,    1,   34,   -4,    1,   73,   24,   87,   32,    7,   22,    8
  344,20120119,   54,   20,   10,   74,   39,   23,   93,    7,  119,  144,   30,    7,    7
  344,20120120,   66,   20,   20,   50,   11,   20,   67,   10,    0,   -1,   -1,   15,    6
  344,20120121,   87,   30,    1,   81,   49,    1,  105,   12,   52,   35,   22,   13,    7
  344,20120122,   85,   30,   21,   72,   57,   20,  101,   14,   17,   19,    9,   21,    6
  344,20120123,   47,   30,    5,   56,   25,   24,   77,   13,   21,   16,    6,   19,    6
  344,20120124,   30,   20,    5,   34,   -2,    6,   62,   13,    7,    5,    4,   14,    6
  344,20120125,   45,   40,    1,   51,   37,    4,   63,   15,   36,    5,    1,    4,    8
  344,20120126,   50,   30,   17,   61,   38,   23,   81,   15,   59,   33,   10,   15,    6
  344,20120127,   45,   30,   18,   47,   24,    6,   78,   14,    0,   -1,   -1,   24,    3
  344,20120128,   27,   20,    4,   34,    1,   24,   62,   13,    0,   -1,   -1,    2,    7
  344,20120129,   38,   20,    1,   -3,  -14,   19,   12,    7,    0,    0,    0,    1,    8
  344,20120130,   28,   20,    4,  -14,  -19,   21,   -9,   23,    5,    1,    1,   19,    8
  344,20120131,   56,   40,    1,  -32,  -58,   24,   -9,    1,    0,   -1,   -1,    1,    2
  344,20120201,   75,   60,    4,  -45,  -72,    6,  -10,   14,    0,    0,    0,    1,    0
  344,20120202,   60,   30,   24,  -60,  -81,    8,  -32,   14,    0,    0,    0,    1,    0
  344,20120203,   28,    0,    5,  -71, -119,   22,  -30,   12,   26,   27,   12,   13,    5
  344,20120204,   20,   10,    1,  -98, -165,    5,  -38,   15,    0,    0,    0,    1,    2
  344,20120205,   42,   10,   24,  -58,  -78,    4,  -45,   15,    0,    0,    0,    1,    8
  344,20120206,   22,   10,    2,  -63, -105,   23,  -30,   14,    0,    0,    0,    1,    2
  344,20120207,   46,   20,    1,  -81, -142,    8,  -36,   24,    0,    0,    0,    1,    1
  344,20120208,   55,   20,   23,  -34,  -86,   24,   -9,   14,    0,    0,    0,    1,    5
  344,20120209,   22,   10,    1,  -50, -106,    5,    8,   15,    0,   -1,   -1,   16,    3
  344,20120210,   30,   10,    3,  -67, -109,    8,  -24,   15,    0,    0,    0,    1,    0
  344,20120211,   29,   10,   21,  -76, -132,    5,  -28,   14,    0,    0,    0,    1,    3
  344,20120212,   19,    0,    4,  -34, -108,    2,    0,   24,   18,    5,    2,   15,    8
  344,20120213,   32,   20,    1,   32,    0,    1,   50,   12,   51,   18,    6,   21,    8
  344,20120214,   56,   40,    5,   49,   29,    8,   62,   13,   48,   19,    4,   20,    7
  344,20120215,   85,   50,   24,   61,   50,    7,   75,   13,   61,   29,    7,   14,    8
  344,20120216,   39,   20,    9,   57,   32,   18,   78,   13,   22,    6,    3,   24,    7
  344,20120217,   44,   30,    9,   70,   57,    1,   94,   13,   15,    4,    2,    2,    8
  344,20120218,   80,   30,   22,   70,   38,   23,   89,   12,   42,   80,   33,   20,    7
  344,20120219,   46,   10,   23,   23,  -25,   24,   56,   11,   27,   25,    5,    5,    5
  344,20120220,   49,   10,    3,   29,  -18,    8,   61,   14,    0,   -1,   -1,    1,    4
  344,20120221,   71,   60,    8,   63,   29,    3,   98,   15,    0,    0,    0,    1,    7
  344,20120222,   87,   60,    1,   70,   56,   20,   84,   12,   26,   26,   11,   20,    7
  344,20120223,   59,   30,    9,   99,   70,    1,  122,   14,    0,   -1,   -1,    1,    8
  344,20120224,   50,   20,   21,   78,   49,   24,   93,    1,    5,    1,    1,   19,    8
  344,20120225,   35,   10,    2,   59,   22,    2,   96,   13,    0,    0,    0,    1,    4
  344,20120226,   29,   20,    3,   58,   15,   23,   94,   13,    0,    0,    0,    1,    7
  344,20120227,   45,   10,    1,   60,   12,    2,   79,   24,    0,    0,    0,    1,    8
  344,20120228,   33,   20,   17,   86,   74,    4,   98,   15,   11,    3,    2,    6,    8
  344,20120229,   31,   10,    6,   82,   71,   19,   87,    1,    0,   -1,   -1,    1,    8
  344,20120301,   16,    0,   15,   88,   71,   24,  100,   16,    0,    0,    0,    1,    8
  344,20120302,   27,   20,    1,   77,   45,   22,  107,   16,    0,    0,    0,    1,    7
  344,20120303,   35,   20,    3,   96,   71,   24,  123,   15,    0,   -1,   -1,   19,    6
  344,20120304,   38,   30,    3,   79,   51,    4,  110,   14,   74,   43,   13,   17,    6
  344,20120305,   49,   30,    1,   52,   35,   19,   88,    1,   49,   45,   17,    4,    8
  344,20120306,   30,   20,    4,   56,   30,    8,   95,   15,    0,    0,    0,    1,    6
  344,20120307,   63,   40,    1,   48,   33,    6,   69,   19,   72,  123,   26,   14,    7
  344,20120308,   43,   20,   19,   56,   18,   21,   83,   16,    0,    0,    0,    1,    6
  344,20120309,   51,   30,    1,   77,   39,    4,  105,   11,    0,    0,    0,    1,    7
  344,20120310,   33,   10,   21,   90,   79,   24,  119,   15,    4,    1,    1,    7,    8
  344,20120311,   24,   10,    1,   82,   36,    7,  131,   13,    0,    0,    0,    1,    2
  344,20120312,   23,   10,    4,   74,   17,    5,  133,   14,    0,    0,    0,    1,    3
  344,20120313,   19,   10,    8,   80,   70,   21,   95,   12,    0,    0,    0,    1,    8
  344,20120314,   15,   10,    2,   63,   21,   24,   88,   14,    0,    0,    0,    1,    5
  344,20120315,   20,   10,    2,   85,   -2,    6,  161,   16,    0,    0,    0,    1,    0
  344,20120316,   40,   10,   20,   80,   53,   20,  113,   16,    0,    0,    0,    1,    6
  344,20120317,   43,   30,    3,   93,   53,    5,  119,   13,    0,   -1,   -1,   18,    6
  344,20120318,   45,   20,   22,   71,   28,   24,   99,    3,   12,    7,    5,    4,    7
  344,20120319,   29,   10,    1,   52,  -11,    4,  110,   14,    0,    0,    0,    1,    1
  344,20120320,   34,   10,   21,   75,   23,    6,  123,   12,    0,    0,    0,    1,    3
  344,20120321,   20,   10,    1,   89,   21,    6,  153,   15,    0,    0,    0,    1,    0
  344,20120322,   36,   20,    1,  118,   44,    3,  189,   15,    0,    0,    0,    1,    0
  344,20120323,   23,   10,   21,  116,   53,    7,  184,   14,    0,    0,    0,    1,    0
  344,20120324,   25,   10,    1,  107,   48,    6,  178,   13,    0,    0,    0,    1,    1
  344,20120325,   34,   20,   23,   95,   49,    7,  165,   15,    0,    0,    0,    1,    3
  344,20120326,   29,   10,    4,   97,   36,    6,  162,   14,    0,    0,    0,    1,    0
  344,20120327,   17,    0,    4,   93,   27,    5,  166,   13,    0,    0,    0,    1,    0
  344,20120328,   18,    0,    3,   93,   29,    3,  173,   14,    0,    0,    0,    1,    1
  344,20120329,   34,   10,    1,   74,   17,    4,  119,   11,    0,    0,    0,    1,    6
  344,20120330,   49,   20,   21,   84,   61,    1,   94,   14,    0,   -1,   -1,   10,    7
  344,20120331,   52,   20,   21,   65,    5,   24,   98,   10,    0,   -1,   -1,   10,    6
  344,20120401,   28,   10,    1,   46,   -8,    4,   96,   13,    0,    0,    0,    1,    3
  344,20120402,   18,    0,   21,   77,   11,    3,  133,   13,    0,    0,    0,    1,    4
  344,20120403,   20,   10,    1,   88,   16,    2,  135,   11,    0,   -1,   -1,   23,    6
  344,20120404,   32,   10,    1,   71,   32,    2,   90,   13,   36,   40,   20,   21,    7
  344,20120405,   48,   10,   24,   56,    8,   24,   87,   14,    0,    0,    0,    1,    6
  344,20120406,   25,    0,    5,   53,  -14,    4,   93,   12,   28,   10,    5,   22,    3
  344,20120407,   38,    0,   24,   53,   22,   23,   77,   15,   13,    3,    1,    2,    7
  344,20120408,   40,    0,    4,   68,   15,    2,   99,   16,   40,   30,   20,   24,    8
  344,20120409,   70,   50,    2,   93,   79,    1,  104,   12,  164,   65,   10,   17,    8
  344,20120410,   56,   20,   20,   95,   66,   20,  121,   13,   49,   23,    6,    3,    7
  344,20120411,   38,   10,   22,   78,   40,   24,  120,   13,    7,   13,   10,   15,    6
  344,20120412,   18,   10,    1,   66,    9,    7,  126,   15,    0,   -1,   -1,   12,    5
  344,20120413,   18,   10,    1,   65,   16,    5,  111,   11,    0,    0,    0,    1,    5
  344,20120414,   29,    0,    2,   66,    4,    6,  113,   15,    0,    0,    0,    1,    4
  344,20120415,   49,   20,   22,   64,   25,   24,   93,   14,    0,    0,    0,    1,    6
  344,20120416,   37,   10,   21,   49,    3,   24,   94,   14,    8,    6,    2,    3,    4
  344,20120417,   70,   10,    1,   53,  -11,    2,   90,   12,   28,   35,   16,   15,    7
  344,20120418,   69,   50,    4,   83,   49,    5,  114,   14,   17,    8,    5,   19,    6
  344,20120419,   59,   40,   20,   86,   70,   21,  128,   14,   32,   32,   12,   19,    7
  344,20120420,   45,   30,   13,   84,   62,   24,  126,   14,    9,   15,   11,   12,    7
  344,20120421,   47,   30,    1,   78,   47,   21,  119,   14,    7,   12,   11,   18,    7
  344,20120422,   58,   40,   21,   93,   72,    1,  131,   14,    3,    1,    1,    8,    6
  344,20120423,   55,   40,   19,   93,   75,    3,  135,   14,   62,   38,   16,    3,    7
  344,20120424,   27,   10,   16,   89,   72,    3,  117,   17,   33,   30,   18,   14,    8
  344,20120425,   66,   40,    1,   99,   65,    2,  127,   11,   26,   25,    9,   14,    6
  344,20120426,   79,   50,   20,  117,   72,   13,  145,   11,   19,   66,   57,   13,    6
  344,20120427,   50,   10,   19,  121,   99,    5,  159,   13,    7,    4,    3,   15,    6
  344,20120428,   63,   20,    1,  100,   88,   22,  111,    1,   72,  119,   61,    6,    8
  344,20120429,   40,   10,   14,  123,   86,   24,  188,   17,    4,    1,    1,   14,    6
  344,20120430,   43,   10,    2,  155,   48,    4,  216,   13,    0,    0,    0,    1,    3
  344,20120501,   33,   10,   20,  137,   87,   24,  184,   13,   33,  102,   50,    6,    6
  344,20120502,   21,   10,    2,  120,   60,    4,  155,   12,   44,  113,  100,   22,    7
  344,20120503,   35,   20,    1,  117,  102,   24,  133,   14,    0,    0,    0,    1,    8
  344,20120504,   38,   20,   18,   94,   78,   20,  108,   10,    0,    0,    0,    1,    8
  344,20120505,   42,   20,    1,   85,   68,    4,  101,   13,    0,    0,    0,    1,    8
  344,20120506,   45,   10,   21,   89,   58,    5,  125,   13,    0,    0,    0,    1,    7
  344,20120507,   38,   20,    1,  112,   48,    1,  154,   16,    2,    1,    1,   23,    7
  344,20120508,   35,    0,   21,  133,  107,    6,  170,   16,   64,   66,   14,   21,    8
  344,20120509,   39,   20,   20,  155,  125,    6,  184,   15,   22,  124,   77,    5,    8
  344,20120510,   65,   40,    1,  180,  157,    3,  209,   15,   47,   54,   15,    7,    8
  344,20120511,   65,   20,   24,  127,   56,   24,  165,    1,    0,   -1,   -1,    1,    6
  344,20120512,   31,   10,    5,   83,   28,   23,  125,   11,    4,    2,    2,    7,    4
  344,20120513,   24,   10,    1,   95,   25,    4,  153,   15,    0,    0,    0,    1,    1
  344,20120514,   54,   30,   20,  112,   71,    1,  159,   13,   23,   15,    6,   23,    3
  344,20120515,   47,   20,    6,   94,   65,   24,  126,   15,   39,  106,   37,    6,    7
  344,20120516,   46,   10,   20,   85,   39,   24,  123,   15,    4,   21,   21,    3,    4
  344,20120517,   38,   30,    1,  115,   53,    1,  152,   16,    0,    0,    0,    1,    4
  344,20120518,   43,   20,   18,  139,  100,    4,  193,   12,    3,    3,    3,   17,    7
  344,20120519,   29,   10,    1,  147,  103,   24,  196,   12,    0,    0,    0,    1,    4
  344,20120520,   28,   10,   21,  150,  105,    1,  214,   16,   25,   51,   31,    3,    5
  344,20120521,   27,   10,    1,  157,  105,    2,  201,   15,    0,    0,    0,    1,    4
  344,20120522,   30,   20,    1,  176,  124,   24,  253,   12,    0,    0,    0,    1,    3
  344,20120523,   20,   10,    4,  187,  119,    1,  261,   13,    0,    0,    0,    1,    1
  344,20120524,   29,   10,    1,  217,  135,    5,  288,   16,    0,    0,    0,    1,    2
  344,20120525,   70,   50,    1,  211,  155,    5,  269,   15,    0,    0,    0,    1,    0
  344,20120526,   44,   10,    4,  203,  131,    5,  261,   14,    0,    0,    0,    1,    0
  344,20120527,   30,   10,    5,  201,  124,    3,  275,   14,    0,    0,    0,    1,    0
  344,20120528,   26,   10,    1,  162,   96,   24,  222,   14,    0,    0,    0,    1,    1
  344,20120529,   20,   10,    2,  126,   91,   24,  169,   15,   15,   35,   21,    9,    5
  344,20120530,   20,    0,    3,  161,   86,    1,  223,   14,    0,    0,    0,    1,    2
  344,20120531,   43,   10,    1,  143,  116,   22,  165,   16,   24,   72,   42,   18,    7
  344,20120601,   24,   10,   22,  124,   76,   24,  153,   16,    8,    5,    5,   10,     
  344,20120602,   27,    0,    4,  125,   52,    4,  174,   16,    0,    0,    0,    1,    4
  344,20120603,   38,   10,   19,   94,   83,    8,  115,    1,   88,  101,   44,    6,    8
  344,20120604,   43,   10,    1,   88,   55,   24,  126,   17,  108,  157,   32,   11,    6
  344,20120605,   27,   10,   10,  122,   38,    3,  165,   15,    8,    1,    1,   24,    6
  344,20120606,   53,   20,   22,  147,  109,    4,  190,   17,  103,   69,   27,   21,    6
  344,20120607,   43,   20,   17,  163,  125,    4,  207,   14,   15,   17,   11,   16,    6
  344,20120608,   93,   30,    1,  153,  123,   24,  194,   15,    5,    7,    4,   11,    5
  344,20120609,   82,   40,   24,  130,  111,    6,  150,   15,   31,   21,    8,    8,    8
  344,20120610,   29,   20,   13,  151,  101,    5,  197,   12,    0,   -1,   -1,    1,    5
  344,20120611,   31,   10,   23,  151,  126,    2,  211,   14,   44,  186,  124,   16,    7
  344,20120612,   32,   10,    1,  133,  106,   24,  155,   14,   13,   16,   14,    4,    8
  344,20120613,   27,    0,   24,  115,   67,   24,  154,   15,    0,    0,    0,    1,    6
  344,20120614,   21,    0,    1,  130,   56,    4,  175,   14,    0,    0,    0,    1,    4
  344,20120615,   51,   30,    1,  154,  129,    1,  184,   15,   61,   96,   35,    7,    8
  344,20120616,   65,   40,    6,  164,  140,   24,  192,   14,   21,   32,   12,    3,    5
  344,20120617,   58,   10,   19,  160,  118,   24,  200,   14,    0,   -1,   -1,    1,    7
  344,20120618,   33,   10,   22,  141,   96,   24,  176,   14,   35,  130,   80,    7,    5
  344,20120619,   19,    0,    2,  148,   80,    3,  198,   12,    0,    0,    0,    1,    3
  344,20120620,   35,    0,    4,  173,   96,    4,  222,   12,    0,    0,    0,    1,    3
  344,20120621,   50,   20,    2,  176,  132,    3,  235,   16,   18,  112,   75,   19,    6
  344,20120622,   93,   70,    4,  152,  110,   14,  184,   13,   11,   71,   62,   14,    6
  344,20120623,   70,   40,   23,  154,  127,    4,  189,   14,    0,    0,    0,    1,    6
  344,20120624,   59,   20,    5,  139,  119,   20,  163,   14,   94,  132,   29,   24,    7
  344,20120625,   42,   10,   21,  138,   93,   23,  171,   13,    0,    0,    0,    1,    5
  344,20120626,   18,    0,    3,  171,   86,    4,  218,   14,    0,    0,    0,    1,    3
  344,20120627,   39,   10,   23,  182,  161,   24,  208,   12,    0,    0,    0,    1,    8
  344,20120628,   40,   10,    1,  227,  161,    1,  288,   16,    0,   -1,   -1,    1,    6
  344,20120629,   45,   20,   21,  189,  166,    5,  222,   13,    0,    0,    0,    1,    6
  344,20120630,   48,   30,    1,  181,  146,   21,  228,   13,   32,   37,   24,    1,    6
  344,20120701,   63,   30,   24,  150,  117,   24,  184,   11,    5,    4,    3,   13,    4
  344,20120702,   38,   10,   22,  174,  114,    1,  222,   15,    0,    0,    0,    1,    3
  344,20120703,   26,    0,    1,  192,  147,    2,  229,   17,    0,    0,    0,    1,    8
  344,20120704,   30,   10,    3,  218,  171,    3,  274,   15,    2,    1,    1,   24,    7
  344,20120705,   20,   10,    1,  211,  170,    3,  263,   16,   28,   40,   30,   24,    6
  344,20120706,   36,   10,    2,  184,  130,   23,  234,   16,   32,  107,   87,    1,    5
  344,20120707,   38,   10,   20,  187,  139,    1,  239,   15,    9,    6,    4,   20,    5
  344,20120708,   44,   20,    1,  172,  151,   24,  197,   12,   52,   69,   33,   12,    7
  344,20120709,   57,   30,    2,  168,  135,    2,  192,   14,    0,    0,    0,    1,    7
  344,20120710,   54,   40,    1,  166,  144,    1,  197,   11,    2,    3,    3,   16,    7
  344,20120711,   68,   50,    7,  158,  134,    7,  192,   15,   46,  126,   33,    7,    6
  344,20120712,   45,   10,   21,  150,  110,    5,  181,   15,   49,   67,   28,    5,    5
  344,20120713,   55,   40,    1,  157,  135,    1,  199,   14,   83,   43,    8,    2,    8
  344,20120714,   44,   10,   21,  148,  130,   23,  179,   14,   53,   81,   28,   12,    8
  344,20120715,   30,   10,    1,  146,  104,    5,  181,   14,   25,  104,   51,   11,    6
  344,20120716,   66,   30,    2,  153,  138,   10,  176,    9,  124,  212,   27,   17,    8
  344,20120717,   58,   40,    5,  174,  165,    1,  189,   11,    3,    1,    1,    4,    8
  344,20120718,   82,   60,    1,  168,  154,   21,  189,   13,   25,   48,   38,   21,    8
  344,20120719,   52,   10,   23,  152,  101,   24,  177,   14,   40,   72,   19,   12,    7
  344,20120720,   20,   10,    3,  143,   92,   24,  184,   12,    0,   -1,   -1,    1,    6
  344,20120721,   20,    0,   22,  136,   91,    1,  186,   13,    5,    1,    1,    5,    5
  344,20120722,   10,    0,    1,  159,   79,    4,  213,   14,    0,    0,    0,    1,    1
  344,20120723,   29,   10,   21,  204,  131,    1,  259,   18,    0,    0,    0,    1,    0
  344,20120724,   19,    0,   24,  213,  119,    5,  276,   15,    0,    0,    0,    1,    0
  344,20120725,   18,    0,    1,  217,  134,    5,  276,   14,    0,    0,    0,    1,    0
  344,20120726,   30,   10,    2,  210,  153,    2,  266,   16,    0,    0,    0,    1,    0
  344,20120727,   20,   10,    8,  205,  160,    4,  277,   12,   45,   83,   46,   21,    5
  344,20120728,   21,   10,    5,  178,  130,   24,  222,   15,    1,    1,    1,   18,    6
  344,20120729,   41,   10,   20,  164,  127,    2,  196,   15,    8,   36,   29,   20,    5
  344,20120730,   54,   30,    2,  155,  115,    3,  185,   15,   37,   97,   32,    3,    5
  344,20120731,   37,   20,    2,  156,  115,    2,  176,   14,   16,   14,    5,   17,    7
  344,20120801,   34,   10,   23,  204,  143,    4,  270,   14,   31,   37,   20,   21,    4
  344,20120802,   43,   20,    1,  178,  143,   23,  208,   14,   19,   51,   23,    2,    5
  344,20120803,   35,   10,    4,  182,  150,   24,  227,   16,    9,   36,   30,    3,    5
  344,20120804,   36,   10,   19,  181,  145,    5,  231,   14,    5,    6,    6,    8,    6
  344,20120805,   20,   10,    4,  178,  149,    5,  231,   13,   20,  130,   78,   15,    7
  344,20120806,   60,   40,    1,  172,  156,   24,  199,   15,    3,    8,    5,   11,    7
  344,20120807,   55,   40,   17,  162,  150,    1,  188,   12,   43,  118,   51,    8,    8
  344,20120808,   25,   10,   21,  164,  126,    3,  196,   16,    3,    1,    1,   10,    7
  344,20120809,   20,    0,    5,  166,  107,    4,  220,   15,    0,    0,    0,    1,    2
  344,20120810,   18,    0,    3,  160,   97,    4,  215,   15,    0,    0,    0,    1,    1
  344,20120811,   30,   10,    2,  162,   99,    4,  211,   14,    0,    0,    0,    1,    3
  344,20120812,   48,   30,    1,  190,  121,    1,  241,   16,    0,    0,    0,    1,    0
  344,20120813,   20,   10,   16,  199,  156,    5,  249,   17,    4,   20,   16,    8,    6
  344,20120814,   18,   10,    1,  213,  161,    5,  257,   11,    8,    3,    2,    1,    5
  344,20120815,   46,   20,    1,  218,  156,    5,  292,   14,    1,    2,    2,   19,    4
  344,20120816,   27,   10,    2,  191,  134,    2,  237,   16,    0,    0,    0,    1,    4
  344,20120817,   33,    0,   21,  226,  162,    2,  285,   15,    0,    0,    0,    1,    4
  344,20120818,   31,   10,   19,  252,  193,    3,  333,   16,    0,    0,    0,    1,    1
  344,20120819,   30,   10,    1,  248,  186,    5,  319,   14,    1,    6,    6,   21,    3
  344,20120820,   27,   10,   21,  208,  160,   24,  246,   11,    0,    0,    0,    1,    2
  344,20120821,   25,   10,    1,  197,  142,    2,  249,   12,    0,   -1,   -1,    1,    5
  344,20120822,   53,   40,    1,  180,  159,   21,  211,   14,    0,    0,    0,    1,    3
  344,20120823,   29,   10,   20,  179,  145,    5,  218,   15,    0,    0,    0,    1,    3
  344,20120824,   24,   10,    4,  186,  138,    4,  238,   13,   17,   19,   14,   22,    7
  344,20120825,   70,   40,    1,  179,  156,    2,  204,   13,   19,   47,   23,   14,    7
  344,20120826,   45,   10,   22,  162,  109,   23,  199,   12,   42,  182,   62,    1,    6
  344,20120827,   40,   10,    1,  183,  109,    2,  224,   15,    0,   -1,   -1,    1,    4
  344,20120828,   40,   20,    2,  181,  145,   21,  219,   13,    8,   24,   24,    1,    4
  344,20120829,   42,   20,    3,  181,  119,    4,  241,   12,   18,   16,   13,   23,    3
  344,20120830,   41,   20,   20,  160,  130,   23,  205,   13,   32,   89,   29,   13,    5
  344,20120831,   56,   10,   20,  139,   89,   23,  177,   11,   49,  139,   60,    2,    7
  344,20120901,   23,   10,    3,  152,   89,    6,  191,   15,    0,    0,    0,    1,    4
  344,20120902,   35,   10,   22,  167,  137,    3,  202,   14,    0,    0,    0,    1,    6
  344,20120903,   13,    0,    6,  180,  125,   24,  229,   13,    0,    0,    0,    1,    3
  344,20120904,   21,    0,    3,  176,  114,    4,  235,   14,    0,    0,    0,    1,    3
  344,20120905,   25,   10,    1,  156,  124,    5,  192,   12,    0,    0,    0,    1,    5
  344,20120906,   25,    0,    3,  153,  111,    2,  190,   14,    0,    0,    0,    1,    2
  344,20120907,   37,   10,   21,  173,  132,    5,  217,   13,    0,    0,    0,    1,    1
  344,20120908,   15,   10,    1,  183,  127,    2,  249,   15,    0,    0,    0,    1,    2
  344,20120909,   28,   10,    1,  198,   98,    5,  275,   14,    0,    0,    0,    1,    0
  344,20120910,   45,   30,    4,  190,  164,    4,  227,   15,    1,    1,    1,    7,    5
  344,20120911,   41,   10,   20,  158,  108,   21,  187,   13,    3,    4,    4,   10,    7
  344,20120912,   45,   20,    1,  135,   97,    6,  169,   14,   17,   30,   20,   23,    5
  344,20120913,   35,   20,    2,  141,  122,    3,  174,   14,    0,    0,    0,    1,    7
  344,20120914,   60,   30,   23,  154,  127,    2,  181,   13,   14,    8,    6,   10,    7
  344,20120915,   33,   20,    1,  146,  108,   21,  183,   13,    0,    0,    0,    1,    3
  344,20120916,   46,   30,    1,  155,  117,    1,  190,   15,    0,    0,    0,    1,    4
  344,20120917,   48,   30,    3,  168,  144,   24,  198,   14,    5,    8,    8,    8,    7
  344,20120918,   43,   10,   20,  134,   77,   23,  170,   12,   22,   50,   25,    6,    6
  344,20120919,   38,   10,    6,  112,   71,   22,  155,   12,    8,   17,   13,   23,    3
  344,20120920,   38,   20,    8,  126,   82,    4,  169,   15,   23,   14,    7,    7,    6
  344,20120921,   29,   20,   14,  134,  109,   20,  170,   13,   10,    5,    3,   24,    7
  344,20120922,   23,    0,   20,  110,   54,   24,  158,   14,   21,   27,   15,    4,    2
  344,20120923,   48,   10,    1,   97,   41,    5,  132,   12,   26,   70,   39,   17,    6
  344,20120924,   77,   30,    5,  145,  101,    1,  216,   12,   45,  148,   45,   13,    7
  344,20120925,   68,   50,   23,  136,  114,    6,  177,   14,   23,   78,   36,   15,    6
  344,20120926,   58,   40,   18,  138,  121,   22,  168,   13,    0,   -1,   -1,    1,    6
  344,20120927,   38,   20,   18,  129,   75,   22,  167,   12,   17,   44,   25,   17,    6
  344,20120928,   60,   40,    1,  141,  116,    1,  168,   12,    6,    6,    3,   23,    7
  344,20120929,   43,   20,   22,  130,   94,   21,  159,   11,   15,   10,    8,    3,    5
  344,20120930,   50,   20,    4,  128,   72,    4,  167,   13,    0,    0,    0,    1,    2
  344,20121001,   56,   30,    2,  143,  115,    4,  177,   12,   32,   19,    8,   17,    7
  344,20121002,   54,   40,    5,  147,  125,    6,  174,   13,   11,   12,    9,    2,    5
  344,20121003,   65,   50,   23,  130,  111,   22,  148,   14,   77,   49,   18,    9,    8
  344,20121004,   54,   30,    7,  123,  104,    7,  148,   15,   55,  107,   34,    6,    6
  344,20121005,   61,   10,   24,  130,   98,   24,  161,   10,  114,  130,   40,    6,    8
  344,20121006,   21,    0,   24,  104,   51,   24,  156,   14,   84,  141,   38,    6,    5
  344,20121007,   19,   10,    1,   93,   43,    6,  154,   14,    0,    0,    0,    1,    2
  344,20121008,   23,   10,    1,   94,   35,   24,  137,   15,    0,   -1,   -1,    1,    5
  344,20121009,   11,    0,    5,   84,   27,    3,  143,   13,    0,    0,    0,    1,    5
  344,20121010,   15,   10,    1,   96,   36,   23,  143,   14,    0,    0,    0,    1,    5
  344,20121011,   43,   20,    1,  103,   38,    1,  144,   14,    4,    7,    7,   24,    2
  344,20121012,   59,   30,   22,  119,   82,   22,  144,    6,   78,  115,   40,    4,    7
  344,20121013,   42,   30,    4,   93,   77,   24,  111,   14,  101,  166,   38,   11,    8
  344,20121014,   45,   30,    1,   90,   66,    1,  122,   15,   67,  143,   30,   10,    6
  344,20121015,   50,   10,    2,  106,   71,    7,  131,   10,   15,   14,    8,    1,    5
  344,20121016,   74,   40,   23,  114,   91,    7,  147,   13,   23,   29,   22,    7,    4
  344,20121017,   56,   30,    2,  123,   82,    3,  156,   13,   21,   18,   10,    8,    7
  344,20121018,   33,   10,   15,  146,  131,    1,  160,   11,   66,  100,   27,   24,    8
  344,20121019,   27,   10,    1,  167,  126,    3,  206,   13,   31,   35,   20,    1,    7
  344,20121020,   26,   10,   13,  145,  130,   24,  163,    1,   13,    4,    3,    5,    8
  344,20121021,   46,   20,   21,  128,  111,    6,  140,   16,   22,    8,    5,    2,    8
  344,20121022,   20,   10,   11,  156,  126,    7,  209,   14,    0,    0,    0,    1,    6
  344,20121023,   26,   10,    1,  144,  122,   24,  181,   13,    0,    0,    0,    1,    6
  344,20121024,   35,   20,    1,  124,  104,    6,  146,   13,    4,    1,    1,   11,    8
  344,20121025,   31,   20,    1,  109,   87,   24,  128,   14,   12,    3,    2,   22,    8
  344,20121026,   43,   10,   23,   56,  -10,   24,   93,    1,    0,    0,    0,    1,    6
  344,20121027,   31,   10,    1,   34,  -18,    2,   85,   14,    0,   -1,   -1,    1,    1
  344,20121028,   42,   10,    1,   52,  -26,    6,   97,   13,    2,    1,    1,   20,    6
  344,20121029,   63,   40,   23,   85,   64,    4,  100,   14,   95,  119,   20,   24,    8
  344,20121030,   23,   10,    3,   73,   46,   22,   96,   15,   47,  105,   60,    1,    6
  344,20121031,   58,   40,    1,   87,   59,    5,  122,   13,    0,    0,    0,    1,    3
  344,20121101,   73,   50,   22,   84,   67,   22,  106,   12,   50,   45,   10,   20,    7
  344,20121102,   79,   50,   16,   69,   56,    3,   90,   14,   16,   16,    8,   17,    5
  344,20121103,   58,   30,   20,   73,   57,   21,   96,   14,   23,   15,    6,   11,    5
  344,20121104,   54,   20,   14,   67,   24,    8,   89,   17,   37,  103,   46,   14,    5
  344,20121105,   29,   10,    6,   71,   30,   24,  106,   11,   26,   46,   14,   21,    6
  344,20121106,   45,   10,    1,   71,   13,    4,  108,   12,   95,  105,   18,   20,    5
  344,20121107,   57,   30,    5,  103,   95,   17,  112,    4,   24,    4,    1,    1,    8
  344,20121108,   57,   30,   20,  105,   97,    1,  123,   13,    3,    2,    2,   10,    8
  344,20121109,   42,   30,    1,   97,   85,   21,  112,   15,    2,    1,    1,   23,    7
  344,20121110,   43,   30,   24,  103,   85,   24,  117,   19,   47,   42,   16,   23,    8
  344,20121111,   39,   30,    4,   81,   60,    7,  110,   12,   23,   36,   13,    2,    4
  344,20121112,   48,   30,    2,   68,   51,    9,   81,   21,   10,    4,    4,   24,    7
  344,20121113,   44,   20,   21,   91,   74,    1,  104,   15,   29,    5,    2,    1,    8
  344,20121114,   22,   10,    5,   78,    9,   24,  119,   13,    0,    0,    0,    1,    3
  344,20121115,   22,   10,    1,   33,  -12,    4,   58,   15,    0,    0,    0,    1,    6
  344,20121116,   32,   20,    1,   43,   34,    4,   53,   14,    0,    0,    0,    1,    7
  344,20121117,   43,   10,   24,   62,   26,    2,   88,   22,   22,    9,    4,   22,    6
  344,20121118,   11,    0,    7,   59,   -8,   24,  104,   12,   45,   36,   13,    3,    4
  344,20121119,   32,   10,    1,   52,  -29,    6,  109,   22,    0,    0,    0,    1,    7
  344,20121120,   54,   40,    1,   99,   78,   24,  122,   13,    0,    0,    0,    1,    5
  344,20121121,   68,   40,    2,   75,   48,    8,  104,   19,   16,    9,    7,   15,    7
  344,20121122,   65,   40,    3,   81,   64,   22,  111,   14,    0,    0,    0,    1,    1
  344,20121123,   45,   10,   22,   62,    7,   24,   84,   13,   44,   50,   19,    8,    7
  344,20121124,   31,   10,    1,   44,   -8,    7,   96,   24,   61,   48,   14,   17,    8
  344,20121125,  105,   60,    1,  103,   75,   24,  128,    5,   24,   17,    5,    9,    6
  344,20121126,   47,   20,   19,   85,   65,    5,  110,   15,   13,    6,    2,   16,    8
  344,20121127,   29,    0,   22,   68,   23,   23,   87,   11,    1,    1,    1,    8,    7
  344,20121128,   24,    0,    1,   61,   25,    1,   92,   12,   10,    9,    6,   14,    7
  344,20121129,   23,   10,   19,   35,   -4,   21,   73,   12,    9,    6,    3,   18,    5
  344,20121130,   23,   10,    1,   25,  -25,    6,   70,   12,   15,   18,    8,   16,    5
  344,20121201,   46,   10,    2,   39,   18,    6,   59,   11,   96,  109,   26,   16,    7
  344,20121202,   31,   10,   15,   32,   -4,   18,   68,   13,   88,   93,   15,    2,    6
  344,20121203,   52,   10,    1,   40,   -2,    2,   83,   17,   61,   52,   16,   10,    6
  344,20121204,   49,   10,   21,   50,   18,   24,   68,   10,   64,   96,   27,   19,    7
  344,20121205,   27,    0,    8,   17,   -1,   24,   38,   13,   23,   29,   17,   15,    7
  344,20121206,   44,   10,    8,   14,  -24,    8,   50,   12,   14,    7,    2,    3,    6
  344,20121207,   56,   30,   14,   10,    0,    6,   24,    4,   68,  107,   28,    7,    8
  344,20121208,   27,    0,    9,    4,  -49,    9,   36,   24,   10,    1,    1,   24,    3
  344,20121209,   79,   50,    6,   64,   35,    1,   85,   14,  112,  102,   19,   24,    7
  344,20121210,   57,   20,   21,   34,  -11,   22,   63,    1,   22,   16,    4,    1,    5
  344,20121211,   25,   10,   12,    6,  -23,    2,   40,   13,    6,    2,    1,   19,    4
  344,20121212,   47,   30,   20,   26,   -5,   24,   52,   12,    0,   -1,   -1,    1,    7
  344,20121213,   30,   20,    6,   -3,  -21,    6,   17,   24,    0,   -1,   -1,   23,    8
  344,20121214,   65,   30,    1,   59,   16,    1,  100,   20,   49,  103,   37,   15,    8
  344,20121215,   70,   50,   23,   84,   69,    9,   95,    1,   13,    8,    3,   23,    6
  344,20121216,   56,   40,   15,   72,   58,   21,   81,   15,   26,   24,    9,    1,    7
  344,20121217,   43,   30,   20,   64,   30,   24,   83,   14,   30,   31,   16,   11,    7
  344,20121218,   23,   10,   19,   58,   43,    4,   77,   13,   17,   16,   13,    9,    8
  344,20121219,   27,    0,    2,   53,   29,   24,   67,   14,    0,    0,    0,    1,    7
  344,20121220,   71,   50,    1,   30,   27,    1,   36,   11,  128,   68,    9,   15,    7
  344,20121221,   33,   10,    7,   65,   30,    1,   94,   13,   37,    9,    3,    3,    8
  344,20121222,   57,   40,    1,   77,   62,    6,  114,   24,  138,  224,   51,   23,    8
  344,20121223,   95,   60,   19,  113,   99,   24,  125,    9,   71,   76,   26,    4,    8
  344,20121224,   64,   30,    5,  100,   78,    9,  122,   19,   64,   32,   12,   24,    8
  344,20121225,   65,   30,    3,   87,   73,    7,  106,   13,  102,  125,   21,    4,    8
  344,20121226,   70,   40,    5,   81,   59,    6,  100,   24,   30,   45,   16,   19,    7
  344,20121227,   47,   10,   15,   74,   39,   22,   99,    1,   46,   27,   10,   16,    6
  344,20121228,   53,   10,    1,   74,   48,    2,  104,   24,   35,   18,    7,   13,    8
  344,20121229,   83,   60,    1,  107,   87,   24,  120,   16,    6,    2,    2,   21,    7
  344,20121230,   94,   80,    8,   79,   58,    8,   95,   22,    9,   23,   17,    2,    7
  344,20121231,   99,   90,    3,   93,   83,    6,  102,   15,   75,   50,   13,   20,    8
  344,20130101,   55,   20,    8,   74,   56,   19,   91,    5,   70,  101,   37,    6,    7
  344,20130102,   50,   30,    4,   69,   34,    8,   83,   11,   20,    6,    3,   23,    6
  344,20130103,   54,   40,   22,  101,   82,    1,  111,   13,    8,    5,    3,    1,    8
  344,20130104,   42,   30,   16,   92,   80,   23,  101,   12,   32,    8,    2,    5,    8
  344,20130105,   29,   20,    2,   82,   76,   16,   88,   24,    0,   -1,   -1,   13,    8
  344,20130106,   30,   10,   19,   82,   60,   20,  112,   14,    0,    0,    0,    1,    6
  344,20130107,   43,   20,    4,   71,   59,   18,   84,   11,   20,    3,    1,    7,    8
  344,20130108,   55,   50,    2,   75,   60,    1,   86,   14,    0,    0,    0,    1,    8
  344,20130109,   43,   10,   18,   61,   15,   22,   83,   13,   61,   33,    9,   10,    8
  344,20130110,   30,   20,    1,   57,   22,   24,   86,   13,   23,   14,    9,   22,    7
  344,20130111,   21,   10,    6,    7,  -25,    7,   44,   13,    0,   -1,   -1,    1,    5
  344,20130112,   42,   20,    1,    7,  -21,   24,   32,   12,    0,    0,    0,    1,    4
  344,20130113,   39,   10,   24,  -21,  -45,    7,    8,   14,    0,    0,    0,    1,    2
  344,20130114,   35,   10,    1,  -29,  -64,    8,  -10,   13,   66,   68,   30,   24,    5
  344,20130115,   45,   10,   24,  -28,  -82,   24,  -16,   16,   59,   29,   10,    1,    7
  344,20130116,   13,    0,    4,  -73, -134,   23,  -12,   15,    0,    0,    0,    1,    0
  344,20130117,   15,   10,    2,  -62,  -98,    1,  -45,   14,    0,   -1,   -1,    1,    8
  344,20130118,   44,   10,    1,  -18,  -58,    1,   -4,   14,   27,    6,    2,    8,    7
  344,20130119,   71,   60,    1,  -39,  -54,   19,  -19,    1,    0,    0,    0,    1,    6
  344,20130120,   73,   40,   24,  -45,  -56,    9,  -16,   24,   67,   33,    8,   16,    8
  344,20130121,   38,   30,   12,  -14,  -31,    4,    1,   15,   30,    6,    2,    4,    8
  344,20130122,   29,   20,    8,  -41,  -87,   23,  -11,   14,    0,    0,    0,    1,    3
  344,20130123,   31,   10,    6,  -53,  -95,    7,  -28,   14,    0,    0,    0,    1,    5
  344,20130124,   28,   10,   11,  -47, -112,   24,   -4,   15,    0,   -1,   -1,    7,    4
  344,20130125,   32,    0,    2,  -58, -129,    3,  -18,   12,    0,    0,    0,    1,    4
  344,20130126,   61,   50,   16,   -9,  -35,    7,   20,   24,   27,   10,    5,   11,    7
  344,20130127,   77,   50,   18,   42,   18,    1,   67,   15,   85,   97,   25,    9,    5
  344,20130128,   77,   50,    3,   57,   33,    4,   91,   24,   37,   30,    8,    7,    5
  344,20130129,  110,   70,   12,  108,   88,    1,  131,   23,   68,   62,   20,   14,    8
  344,20130130,   98,   40,    9,   98,   70,   24,  132,    1,   69,  154,   48,    7,    6
  344,20130131,   98,   80,    4,   77,   64,   10,   99,   13,   13,   19,   14,   10,    4
  344,20130201,   44,   10,   13,   50,   14,   21,   77,    4,   87,   62,   12,   11,    7
  344,20130202,   58,   30,    2,   42,   22,   22,   61,   13,   35,   37,   10,    1,    5
  344,20130203,   62,   20,    4,   50,   17,    7,   77,   20,   26,   11,    6,   14,    7
  344,20130204,   78,   60,    2,   80,   64,   24,   98,   11,   13,   13,   12,    7,    7
  344,20130205,   72,   40,   19,   37,    4,   24,   65,    1,   35,   59,   33,    5,    7
  344,20130206,   46,   20,    3,   29,    4,    1,   64,   14,   44,   51,   16,    2,    6
  344,20130207,   49,   20,   20,   28,   -2,   20,   56,   11,   22,   31,    7,   13,    6
  344,20130208,   22,   10,    2,    8,  -30,   23,   48,   13,   14,   26,   18,    1,    5
  344,20130209,   36,    0,    1,    6,  -27,    2,   38,   14,   23,    5,    1,   18,    8
  344,20130210,   65,   40,    3,    2,  -12,   24,   18,   15,   13,   12,   10,    1,    4
  344,20130211,   73,   50,   21,  -10,  -23,    4,    7,   17,    0,   -1,   -1,   15,    5
  344,20130212,   35,   10,   18,  -11,  -36,    6,    3,   12,    0,    0,    0,    1,    6
  344,20130213,   30,   10,    6,    0,  -27,    4,   35,   14,    0,    0,    0,    1,    4
  344,20130214,   62,   30,   22,    1,  -13,   10,   24,   24,   66,   47,   11,   10,    7
  344,20130215,   24,   10,    6,   42,   14,    3,   83,   13,    3,    1,    1,    8,    7
  344,20130216,   10,    0,   18,   48,   20,    6,   78,   14,    0,   -1,   -1,    1,    8
  344,20130217,   28,   10,    1,   36,  -10,   24,   77,   14,    0,    0,    0,    1,    3
  344,20130218,   14,    0,   22,   20,  -25,    8,   80,   13,    0,    0,    0,    1,    2
  344,20130219,   28,   10,    1,   30,  -32,    3,   63,   13,   10,    2,    2,   17,    7
  344,20130220,   51,   40,    3,   -2,  -28,   21,   28,   14,    0,    0,    0,    1,    2
  344,20130221,   49,   30,    3,  -13,  -38,    2,   19,   13,    0,    0,    0,    1,    5
  344,20130222,   55,   30,    1,  -17,  -38,    6,   11,   12,    0,    0,    0,    1,    5
  344,20130223,   59,   40,    1,  -12,  -44,    6,    6,   14,    0,   -1,   -1,   23,    5
  344,20130224,   50,   30,   24,    2,  -10,    1,   10,   13,   82,   26,    5,   17,    8
  344,20130225,   52,   40,    1,   18,    8,    1,   31,   15,   20,    5,    2,   17,    8
  344,20130226,   42,   30,   19,   28,   10,   24,   49,   15,    0,    0,    0,    1,    8
  344,20130227,   46,   20,   19,   11,    2,    8,   22,   16,    0,    0,    0,    1,    8
  344,20130228,   32,   20,    1,   20,    6,    4,   42,   14,    0,    0,    0,    1,    7
  344,20130301,   33,   10,    1,   36,   22,    3,   51,   14,    2,    1,    1,    5,    8
  344,20130302,   22,   10,    7,   30,   -6,   24,   45,   14,    0,    0,    0,    1,    8
  344,20130303,   25,   10,    1,   43,   10,    1,   67,   12,    0,   -1,   -1,    5,    8
  344,20130304,   38,   20,    2,   50,  -23,    5,  107,   15,    0,    0,    0,    1,    0
  344,20130305,   37,   20,    1,   92,   19,    1,  165,   15,    0,    0,    0,    1,    0
  344,20130306,   24,   10,    1,   95,   21,    3,  149,   14,    0,    0,    0,    1,    7
  344,20130307,   37,   30,    1,   90,   62,    6,  112,   15,   21,    7,    5,   21,    7
  344,20130308,   45,   30,    4,   98,   73,   24,  135,   15,   39,   34,   17,   24,    6
  344,20130309,   39,   10,   10,   51,   13,   24,   73,    1,  240,  261,   43,    7,    8
  344,20130310,   56,   20,    1,    4,  -11,   24,   13,    1,   42,   24,    9,    1,    8
  344,20130311,   85,   60,    1,  -17,  -26,   24,   -6,   12,    0,   -1,   -1,    1,    8
  344,20130312,   71,    0,   24,  -22,  -58,   24,    9,   16,    0,    0,    0,    1,    4
  344,20130313,   27,   10,    1,    0,  -64,    2,   59,   13,    7,    3,    2,   19,    5
  344,20130314,   27,   10,   19,   -1,  -42,   23,   41,   14,    9,    5,    2,    2,    3
  344,20130315,   61,   20,    1,   15,  -29,    1,   42,   24,   65,   26,    6,   12,    8
  344,20130316,   79,   70,    1,   54,   36,   24,   74,   13,   31,   11,    5,   24,    8
  344,20130317,   54,   40,   18,   65,   38,    1,   98,   13,   24,   10,    4,   20,    8
  344,20130318,   40,   10,   17,   53,    5,   24,   90,   15,   10,   10,   10,    1,    7
  344,20130319,   26,   10,    1,   34,  -12,    3,   64,   12,   13,   10,    9,   13,    7
  344,20130320,   48,   20,   23,   15,    4,   23,   32,   14,    0,   -1,   -1,   10,    8
  344,20130321,   22,    0,    8,   12,  -18,    4,   43,    9,    0,   -1,   -1,   11,    5
  344,20130322,   83,   40,    1,   10,  -22,    5,   50,   14,    0,    0,    0,    1,    4
  344,20130323,  104,   90,   18,    2,  -19,   24,   21,   13,    0,    0,    0,    1,    8
  344,20130324,   93,   80,   23,   -4,  -31,    5,   26,   15,    0,    0,    0,    1,    7
  344,20130325,   84,   60,   24,    5,  -22,    3,   50,   14,    0,    0,    0,    1,    5
  344,20130326,   70,   50,   19,    7,  -32,    6,   56,   15,    0,    0,    0,    1,    2
  344,20130327,   51,   30,   21,    6,  -45,    6,   61,   16,    0,    0,    0,    1,    0
  344,20130328,   45,   20,   22,    1,  -34,    6,   40,   12,    0,   -1,   -1,   16,    3
  344,20130329,   19,   10,    3,   -7,  -52,    5,   37,   12,    4,    1,    1,   18,    4
  344,20130330,   28,    0,    7,    0,  -56,    2,   48,   14,    0,   -1,   -1,   12,    6
  344,20130331,   32,   10,    4,   10,  -41,    3,   47,   14,    0,   -1,   -1,   10,    6
  344,20130401,   52,   20,    2,   23,  -38,    5,   76,   16,    0,    0,    0,    1,    1
  344,20130402,   63,   20,    3,   32,  -24,    6,   90,   15,    0,    0,    0,    1,    0
  344,20130403,   64,   40,   21,   32,  -10,    2,   77,   15,    0,    0,    0,    1,    6
  344,20130404,   61,   40,   20,   28,    0,    2,   50,   11,    3,    1,    1,    8,    8
  344,20130405,   59,   30,   23,   41,   17,    6,   80,   14,    0,    0,    0,    1,    8
  344,20130406,   42,   10,   21,   37,  -26,   24,   94,   13,    0,    0,    0,    1,    4
  344,20130407,   21,   10,    1,   30,  -37,    2,   90,   13,    0,    0,    0,    1,    4
  344,20130408,   43,   20,   20,   60,    3,    5,  110,   14,    0,    0,    0,    1,    7
  344,20130409,   34,   10,   23,   66,   29,    6,  100,   11,    7,    7,    6,   16,    6
  344,20130410,   28,    0,   19,   54,    9,   21,   79,   11,    9,    1,    1,   24,    6
  344,20130411,   56,   20,    6,   66,   41,   24,   94,    8,   88,   49,   10,    3,    8
  344,20130412,   57,   20,    1,   81,   39,    1,  135,   12,   34,   63,   26,   14,    8
  344,20130413,   53,   20,    4,   98,   48,    1,  148,   16,   59,   25,    7,   22,    7
  344,20130414,   57,   40,   19,  165,  113,    1,  222,   17,    4,    3,    2,    7,    5
  344,20130415,   38,   10,   20,  118,   65,   23,  162,   14,   12,   10,    9,    9,    4
  344,20130416,   59,   10,    1,  116,   62,    1,  157,   11,    0,    0,    0,    1,    5
  344,20130417,   49,   20,    5,  153,   83,    5,  195,   14,    0,    0,    0,    1,    6
  344,20130418,  111,   80,    1,  112,   80,   24,  181,    1,    0,    0,    0,    1,    1
  344,20130419,   48,   20,   22,   74,   20,   24,  112,   15,    3,    1,    1,   10,    3
  344,20130420,   45,   10,    5,   64,    1,    5,  116,   16,    0,    0,    0,    1,    1
  344,20130421,   19,   10,    3,   64,   -3,    5,  129,   12,    0,    0,    0,    1,    1
  344,20130422,   45,   20,    1,   90,   16,    3,  145,   14,    0,   -1,   -1,   24,    3
  344,20130423,   44,   10,   20,  106,   67,   24,  148,   16,   41,    8,    3,    8,    6
  344,20130424,   44,   20,    1,  121,   72,    1,  180,   15,    0,    0,    0,    1,    5
  344,20130425,   30,   10,    5,  145,   92,    3,  211,   14,    0,   -1,   -1,    4,    5
  344,20130426,   35,   10,   22,   71,   24,   24,  124,    1,   66,   66,   22,   11,    7
  344,20130427,   34,    0,    4,   59,   16,    5,  107,   13,    0,    0,    0,    1,    2
  344,20130428,   25,    0,    3,   65,  -13,    4,  121,   15,    0,    0,    0,    1,    3
  344,20130429,   55,   20,   24,   82,   37,   24,  119,   14,   19,   13,    8,   10,    3
  344,20130430,   38,   10,    4,   86,   36,    4,  132,   15,    0,    0,    0,    1,    3
  344,20130501,   45,   30,    3,  103,   28,    4,  166,   15,    0,    0,    0,    1,    1
  344,20130502,   46,   30,    3,  111,   71,    3,  156,   17,    0,   -1,   -1,    7,    6
  344,20130503,   19,   10,    4,  114,   46,    6,  178,   12,    0,    0,    0,    1,    0
  344,20130504,   59,   30,    1,  116,   59,    1,  160,   14,    0,    0,    0,    1,    2
  344,20130505,   28,   10,   21,  123,   62,    4,  182,   12,    0,    0,    0,    1,    1
  344,20130506,   20,   10,    2,  130,   56,    5,  204,   14,    0,    0,    0,    1,    0
  344,20130507,   33,   10,    1,  158,   75,    3,  242,   14,    4,    3,    3,   15,    4
  344,20130508,   44,   10,    1,  154,  119,   23,  214,   11,   10,   79,   78,   18,    5
  344,20130509,   53,   20,   20,  124,  102,    5,  155,   13,    4,    1,    1,    3,    5
  344,20130510,   85,   50,   22,  122,  100,    4,  152,   13,   16,    6,    4,    5,    6
  344,20130511,   66,   50,    3,  104,   81,   24,  134,   17,   64,   55,   14,   22,    7
  344,20130512,   54,   20,    4,   93,   64,    4,  125,   16,   53,   33,    8,    3,    7
  344,20130513,   74,   50,   24,  112,   77,   24,  134,   10,   55,   49,   11,    3,    7
  344,20130514,   45,   30,    5,   95,   60,    4,  127,   12,   38,   37,   11,    4,    7
  344,20130515,   55,   10,   22,  110,   40,   24,  162,   13,   28,    9,    4,    1,    4
  344,20130516,   30,   10,    1,   85,   36,    1,  109,    9,  127,  151,   23,   17,    8
  344,20130517,   31,   20,    3,   87,   81,    1,  100,   11,   62,  150,   45,   17,    8
  344,20130518,   28,   10,   19,   94,   39,   24,  124,   16,    0,   -1,   -1,    8,    6
  344,20130519,   35,   10,    1,  108,   25,    3,  163,   12,    0,   -1,   -1,   23,    5
  344,20130520,   14,    0,   14,  108,   97,    5,  120,   16,  152,  225,   46,   24,    8
  344,20130521,   41,   10,    2,   95,   85,   24,  105,    9,   44,   40,   20,    4,    8
  344,20130522,   50,   10,   22,   92,   38,   24,  122,   15,    0,   -1,   -1,    2,    7
  344,20130523,   36,   10,    4,   70,   40,   24,  103,   13,   14,   17,   11,    7,    6
  344,20130524,   36,   10,   18,   73,   52,    1,  120,   15,   31,   44,   16,   17,    6
  344,20130525,   43,   10,    5,   84,   36,    3,  122,   11,   37,   44,   16,   23,    6
  344,20130526,   48,   20,   22,   94,   56,   24,  128,   14,   30,   31,   14,    2,    5
  344,20130527,   30,   10,   19,  125,   53,    4,  177,   16,    0,    0,    0,    1,    0
  344,20130528,   50,   30,    1,  152,   72,    1,  216,   14,    0,    0,    0,    1,    3
  344,20130529,   35,   10,   23,  108,   97,    5,  131,   18,   13,    7,    4,    4,    8
  344,20130530,   24,   20,    1,  129,  104,    4,  168,   16,   15,   20,   14,    4,    7
  344,20130531,   47,   30,    1,  129,   94,   24,  189,   13,    0,    0,    0,    1,    5
  344,20130601,   49,   20,   22,   98,   54,   24,  132,   11,    0,    0,    0,    1,    6
  344,20130602,   33,   10,    3,  110,   40,    4,  165,   14,    0,    0,    0,    1,    0
  344,20130603,   35,   10,    2,  103,   37,    4,  141,   15,    0,    0,    0,    1,    4
  344,20130604,   36,   20,    1,  135,   68,    1,  191,   15,    0,    0,    0,    1,    2
  344,20130605,   31,   10,    2,  155,   69,    4,  221,   13,    0,    0,    0,    1,    0
  344,20130606,   35,   20,    1,  174,   99,    4,  248,   15,    0,    0,    0,    1,    0
  344,20130607,   38,   20,    1,  176,  112,   24,  251,   15,    0,    0,    0,    1,    0
  344,20130608,   53,   30,    1,  144,  104,    4,  199,   14,    0,    0,    0,    1,    1
  344,20130609,   50,   30,   22,  126,  102,   24,  168,   14,    0,    0,    0,    1,    5
  344,20130610,   24,    0,   24,  121,   80,   24,  156,   15,    0,    0,    0,    1,    7
  344,20130611,   20,    0,    1,  153,   50,    4,  222,   15,    0,    0,    0,    1,    6
  344,20130612,   47,   20,    1,  178,  153,    1,  211,   15,   35,   19,   10,   19,    8
  344,20130613,   83,   50,   24,  155,  126,   24,  186,    1,   40,   22,   10,    3,    8
  344,20130614,   46,   30,   14,  156,  121,    5,  192,   15,    0,    0,    0,    1,    3
  344,20130615,   84,   40,    1,  149,  123,    2,  184,   14,    7,    9,    8,    8,    5
  344,20130616,   46,   10,   19,  142,   87,   24,  184,   13,    0,   -1,   -1,   16,    5
  344,20130617,   46,   10,    1,  180,   89,    1,  243,   15,    0,   -1,   -1,   23,    4
  344,20130618,   24,   20,    4,  215,  143,    3,  300,   14,    0,    0,    0,    1,    3
  344,20130619,   28,   10,    1,  201,  158,   24,  248,   18,    0,   -1,   -1,    7,    6
  344,20130620,   27,   10,   14,  201,  159,    1,  239,   12,   14,    3,    2,   14,    6
  344,20130621,   65,   10,    1,  158,  148,    8,  172,    1,   64,   85,   31,    6,    8
  344,20130622,   80,   70,    1,  156,  135,   24,  183,   11,   16,   28,   16,   18,    7
  344,20130623,   79,   60,   23,  147,  127,    3,  187,   14,   71,  119,   24,   10,    8
  344,20130624,   36,   20,   20,  127,  105,   24,  154,   15,   32,   20,    5,    6,    8
  344,20130625,   23,   10,    1,  132,   73,   24,  177,   13,    0,    0,    0,    1,    3
  344,20130626,   26,   10,    1,  130,   66,    2,  182,   14,   30,   98,   46,   21,    6
  344,20130627,   40,   20,    1,  131,   96,    4,  153,   14,    6,    7,    7,    2,    7
  344,20130628,   41,   20,    3,  143,  123,    4,  170,   15,   64,  102,   26,   21,    8
  344,20130629,   37,   10,   21,  139,   90,   23,  172,   14,   14,    4,    3,    2,    6
  344,20130630,   52,   20,    2,  172,   88,    1,  218,   16,    0,    0,    0,    1,    4
  344,20180101,   65,   20,   17,   68,   54,   20,   86,    1,   32,   19,    8,   18,    7
  344,20180102,   63,   30,    2,   70,   57,    1,   93,   23,   70,   64,   21,   23,    8
  344,20180103,  112,   90,   21,   88,   56,    6,  111,    3,   28,   89,   55,    3,    7
  344,20180104,   78,   40,   12,   83,   72,    9,  107,   15,   12,   10,    7,   13,    7
  344,20180105,   53,   20,   16,   66,   52,   15,   84,   12,   46,   60,   31,   15,    6
  344,20180106,   32,   10,    8,   50,   26,   24,   72,   14,    0,    0,    0,    1,    8
  344,20180107,   72,   50,    1,   12,  -10,   23,   30,    1,    0,    0,    0,    1,    3
  344,20180108,   61,   40,   18,   13,   -5,    5,   35,   15,    0,    0,    0,    1,    6
  344,20180109,   33,   10,   13,   32,   -3,    9,   60,   22,    0,   -1,   -1,    1,    8
  344,20180110,   38,   20,   24,   72,   46,   24,   77,   15,   35,   12,    6,   11,    8
  344,20180111,   17,   10,    2,   46,    2,    6,   71,   14,    0,   -1,   -1,    1,    7
  344,20180112,   17,   10,    6,   56,   40,   18,   66,   14,    0,    0,    0,    1,    8
  344,20180113,   33,   20,    1,   43,    7,   24,   64,   14,    0,    0,    0,    1,    7
  344,20180114,   42,   30,    1,   36,   18,    1,   55,   14,    0,    0,    0,    1,    3
  344,20180115,   82,   50,    1,   56,   29,    8,   84,   19,   87,  140,   28,   16,    7
  344,20180116,   72,   50,   19,   57,   32,    8,   73,    1,   29,   32,   10,    7,    7
  344,20180117,   87,   60,   21,   51,   28,    4,   65,   14,    9,   13,    4,    7,    7
  344,20180118,   88,   20,   22,   54,   14,   23,  100,    7,   64,  115,   23,    3,    8
  344,20180119,   45,   30,    1,   44,   19,   21,   69,   13,    9,   13,    4,    1,    6
  344,20180120,   35,   10,   17,   30,   14,    3,   43,   13,   16,   12,    6,   24,    7
  344,20180121,   39,   20,    1,   33,  -16,    8,   71,   12,   42,   23,    8,   21,    7
  344,20180122,   46,   40,    3,   67,   28,    1,   88,   12,   25,    5,    2,    3,    8
  344,20180123,   64,   30,    1,   80,   35,    5,  114,   24,   38,   14,    5,   23,    8
  344,20180124,   88,   50,   20,  112,   73,   21,  141,   13,   30,   52,   21,   20,    8
  344,20180125,   52,   30,   18,   78,   61,   24,   91,   14,    1,    1,    1,   11,    8
  344,20180126,   25,   10,   20,   52,   27,    9,   78,   12,    0,    0,    0,    1,    6
  344,20180127,   60,   10,    1,   51,    3,    3,   77,   24,   35,   14,    6,   19,    7
  344,20180128,   75,   50,    8,   97,   77,    1,  112,   13,    4,    3,    3,    1,    8
  344,20180129,   82,   30,   20,   87,   39,   24,  108,   13,   20,   28,   16,   15,    6
  344,20180130,   33,   10,   19,   45,    6,    8,   74,   13,    0,    0,    0,    1,    7
  344,20180131,   77,   40,   19,   69,   20,   19,   97,    5,   65,   62,    9,   10,    8
  344,20180201,   52,   30,   19,   42,   25,    7,   64,   13,   46,   71,   28,   10,    7
  344,20180202,   46,   10,   23,   44,   -8,   24,   72,   14,   40,   59,   16,   11,    7
  344,20180203,   27,   10,    2,   24,   -9,    1,   44,   11,   26,   50,   23,   12,    8
  344,20180204,   53,   20,    4,   21,    2,    2,   42,   15,    4,    1,    1,   19,    7
  344,20180205,   54,   40,   18,   13,  -23,   23,   41,   12,    0,    0,    0,    1,    4
  344,20180206,   35,   10,   24,  -19,  -44,   24,   15,   15,    0,    0,    0,    1,    1
  344,20180207,   18,    0,   19,  -14,  -59,    6,   22,   14,    0,    0,    0,    1,    2
  344,20180208,   35,   20,    5,   18,  -21,    7,   53,   12,    0,   -1,   -1,    1,    7
  344,20180209,   54,   10,   23,    8,   -4,    7,   24,   12,   50,   10,    3,   15,    8
  344,20180210,   48,    0,    4,   35,    7,    3,   67,   13,   33,   17,    7,   24,    7
  344,20180211,   78,   50,   18,   47,   25,   17,   71,   12,   59,   78,   21,   20,    7
  344,20180212,   53,   40,   21,   31,   15,   23,   59,   14,    2,    1,    1,    6,    5
  344,20180213,   60,   40,    3,   29,    0,    6,   66,   14,    0,    0,    0,    1,    3
  344,20180214,   69,   50,    2,   29,   -7,    5,   61,   15,    8,    4,    4,   24,    4
  344,20180215,   58,   30,   20,   49,    4,   22,  100,   13,   53,   49,   14,    2,    5
  344,20180216,   29,   10,   18,   38,   -5,   20,   79,   13,    0,    0,    0,    1,    4
  344,20180217,   20,   10,    1,   20,  -26,   23,   74,   14,    0,    0,    0,    1,    4
  344,20180218,   25,   10,    1,   22,  -44,    4,   80,   15,    0,    0,    0,    1,    3
  344,20180219,   34,   20,   20,   27,   14,    7,   39,   15,    0,   -1,   -1,    1,    8
  344,20180220,   25,   10,    6,   15,  -26,    3,   48,   15,    0,    0,    0,    1,    6
  344,20180221,   27,   10,    2,    6,  -32,    7,   51,   15,    0,    0,    0,    1,    0
  344,20180222,   50,   40,    1,    5,  -26,    7,   52,   14,    0,    0,    0,    1,    0
  344,20180223,   55,   20,    4,   -4,  -38,    3,   35,   15,    0,    0,    0,    1,    1
  344,20180224,   76,   60,    1,   -1,  -33,    5,   43,   13,    0,    0,    0,    1,    2
  344,20180225,   66,   60,    3,  -18,  -43,   24,   18,   14,    0,    0,    0,    1,    0
  344,20180226,   51,   20,   23,  -31,  -56,    6,    5,   14,    0,    0,    0,    1,    3
  344,20180227,   41,   30,    5,  -31,  -64,    7,    6,   14,    0,    0,    0,    1,    4
  344,20180228,   74,   30,    1,  -59,  -80,   20,  -33,   13,    0,   -1,   -1,    1,    5
  344,20180301,  105,   90,    1,  -41,  -78,    2,    4,   15,    0,    0,    0,    1,    8
  344,20180302,   91,   60,   23,  -35,  -66,    6,   -4,   15,   20,    2,    1,   23,    8
  344,20180303,   54,   40,   18,  -14,  -36,    1,   13,   16,   28,    3,    1,    1,    8
  344,20180304,   42,   30,    2,   49,  -12,    1,  106,   14,   42,   52,   22,   21,    7
  344,20180305,   47,   30,   17,   67,   32,    6,  114,   13,    0,   -1,   -1,    1,    7
  344,20180306,   23,   10,    6,   60,   12,    6,  109,   15,    0,   -1,   -1,    1,    8
  344,20180307,   31,   10,    5,   57,    7,    5,   97,   11,   11,    3,    1,   19,    7
  344,20180308,   70,   50,    1,   52,   25,    4,   89,   14,   31,   40,   25,   10,    6
  344,20180309,   38,   30,    7,   68,   26,    6,   99,   15,   49,   37,   12,   24,    7
  344,20180310,   45,   30,    8,  115,   78,    1,  144,   13,   53,   44,   14,    1,    8
  344,20180311,   29,   10,    3,   99,   65,    3,  135,   15,   37,   90,   32,    5,    7
  344,20180312,   42,   20,   17,   99,   57,    7,  133,   11,   29,   25,   11,   23,    7
  344,20180313,   49,   10,   21,   55,   19,   24,   78,    1,   58,   20,    5,    4,    8
  344,20180314,   44,   10,    1,   69,    3,    4,  125,   15,    0,    0,    0,    1,    5
  344,20180315,   65,   40,   17,   72,   44,    4,  103,   14,   97,   73,   13,   20,    8
  344,20180316,   54,   30,    1,   48,    1,   24,   70,    1,   54,   29,   13,   19,    8
  344,20180317,  100,   70,    2,  -13,  -22,   10,    1,    1,    8,    1,    1,    2,    8
  344,20180318,   87,   70,   18,   -7,  -25,    5,   19,   15,    0,    0,    0,    1,    8
  344,20180319,   62,   10,   24,   -3,  -39,    6,   44,   15,    0,    0,    0,    1,    3
  344,20180320,   52,   10,    2,   39,  -22,    1,   81,   12,    2,    1,    1,    5,    6
  344,20180321,   31,   10,    1,   33,  -26,    4,   81,   14,    0,   -1,   -1,    1,    7
  344,20180322,   48,   20,   18,   63,   45,    4,  100,   13,   60,   64,   24,    6,    8
  344,20180323,   55,   30,    2,   62,   50,    6,   72,   15,    0,    0,    0,    1,    8
  344,20180324,   25,   10,   22,   68,   20,   24,  105,   14,    0,    0,    0,    1,    6
  344,20180325,   25,   10,    1,   56,    3,    2,  122,   13,    0,    0,    0,    1,    6
  344,20180326,   25,   10,    1,   50,   -2,    3,  114,   13,    0,    0,    0,    1,    4
  344,20180327,   32,   10,    1,   59,   -2,    4,   88,   11,   62,   31,   10,   16,    8
  344,20180328,   30,   10,    7,   57,   33,   18,   76,    9,  100,  115,   26,   13,    8
  344,20180329,   39,   20,   16,   71,   29,    5,  105,   13,   20,    7,    4,   22,    7
  344,20180330,   45,   30,    3,   89,   63,    2,  132,   13,   28,   47,   25,   20,    8

